1058
1059
1061
1062
1064
1065
1066
1067
1068
1069
1073
1074
1076
1077
1079
1080
1082
1083
1085
1086
1088
1089
1091
1092
1094
1095
1097
1098
1100
1101
1103
1104
1106
1107
1109
1110
1111
1112
1113
1114
1118
1119
1121
1122
1124
1125
1127
1128
1130
1131
1133
1134
1136
1137
1139
1140
1142
1143
1145
1146
1148
1149
1151
1152
1154
1155
1157
1158
1160
1161
1162
1163
1166
1167
1169
1170
1172
1173
1175
1176
1178
1179
1181
1182
1184
1185
1187
1188
1190
1191
1193
1194
1196
1197
1199
1200
1202
1203
1204
1205
1206
1207
1211
1212
1214
1215
1217
1218
1220
1221
1223
1224
1226
1227
1229
1230
1232
1233
1235
1236
1238
1239
1241
1242
1244
1245
1248
1249
1251
1252
1255
1256
1258
1259
1262
1263
1265
1266
1268
1269
1270
1271
1272
1273
1277
1278
1280
1281
1283
1284
1285
1286
1287
1288
1292
1293
1295
1296
1298
1299
1302
1303
1305
1306
1309
1310
1312
1313
1316
1317
1319
1320
1322
1323
1324
1325
1326
1327
1331
1332
1334
1335
1337
1338
1339
1340
1341
1342
1346
1347
1349
1350
1352
1353
1356
1357
1359
1360
1363
1364
1366
1367
1369
1370
1371
1372
1373
1374
1378
1379
1380
1381
1382
1383
1384
1385
1386
1387
1388
1389
1390
1391
1392
1393
1394
1395
1396
1397
1398
1399
1400
1401
1402
1403
1404
1405
1406
1407
1408
1409
1410
1411
1412
1413
1414
1415
1416
1417
1418
1419
1420
1421
1422
1423
1424
1425
1426
1427
1428
1429
1430
1431
1432
1433
1434
1435
1436
1437
1438
1439
1440
1441
1442
1443
1444
1445
1446
1447
1448
1449
1450
1451
1452
1453
1454
1455
1456
1457
1458
1459
1460
1461
1462
1463
1464
1465
1466
1467
1468
1469
1470
1471
1472
1473
1474
1475
1476
1477
1478
1479
1480
1481
1482
1483
1484
1485
1486
1487
1488
1489
1490
1491
1492
1493
1494
1495
1496
1497
1498
1499
1500
1501
1502
1503
1504
1505
1506
1507
1508
1509
1510
1511
1512
1513
1514
1515
1516
1517
1518
1519
1520
1521
1522
1523
1524
1525
1526
1527
1528
1529
1530
1531
1532
1533
1534
1535
1536
1537
1538
1539
1540
1541
1542
1543
1544
1545
1546
1547
1548
1549
1550
1551
1552
1553
1554
1555
1556
1557
1558
1559
1560
1561
1562
1563
1564
1565
1566
1567
1568
1569
1570
1571
1572
1573
1574
1575
1576
1577
1578
1579
1580
1581
1582
1583
1584
1585
1586
1587
1588
1589
1590
1591
1592
1593
1594
1595
1596
1597
1598
1599
1600
1601
1602
1603
1604
1605
1606
1607
1608
1609
1610
1611
1612
1613
1614
1615
1616
1617
1618
1619
1620
1621
1622
1623
1624
1625
1626
1627
1628
1629
1630
1631
1632
1633
1634
1635
1636
1637
1638
1639
1640
1641
1642
1643
1644
1645
1646
1647
1648
1649
1650
1651
1652
1653
1654
1655
1656
1657
1658
1659
1660
1661
1662
1663
1664
1665
1666
1667
1668
1669
1670
1671
1672
1673
1674
1675
1676
1677
1678
1679
1680
1681
1682
1683
1684
1685
1686
1687
1688
1689
1690
1691
1692
1693
1694
1695
1696
1697
1698
1699
1700
1701
1702
1703
1704
1705
1706
1707
1708
1709
1710
1711
1712
1713
1714
1715
1716
1717
1718
1719
1720
1721
1722
1723
1724
1725
1726
1727
1728
1729
1730
1731
1732
1733
1734
1735
1736
1737
1738
1739
1740
1741
1742
1743
1744
1745
1746
1747
1748
1749
1750
1751
1752
1753
1754
1755
1756
1757
1758
1759
1760
1761
1762
1763
1764
1765
1766
1767
1768
1769
1770
1771
1772
1773
1774
1775
1776
1777
1778
1779
1780
1781
1782
1783
1784
1785
1786
1787
1788
1789
1790
1791
1792
1793
1794
1795
1796
1797
1798
1799
1800
1801
1802
1803
1804
1805
1806
1807
1808
1809
1810
1811
1812
1813
1814
1815
1816
1817
1818
1819
1820
1821
1822
1823
1824
1825
1826
1827
1828
1829
1830
1831
1832
1833
1834
1835
1836
1837
1838
1839
1840
1841
1842
1843
1844
1845
1846
1847
1848
1849
1850
1851
1852
1853
1854
1855
1856
1857
1858
1859
1860
1861
1862
1863
1864
1865
1866
1867
1868
1869
1870
1871
1872
1873
1874
1875
1876
1877
1878
1879
1880
1881
1882
1883
1884
1885
1886
1887
1888
1889
1890
1891
1892
1893
1894
1895
1896
1897
1898
1899
1900
1901
1902
1903
1904
1905
1906
1907
1908
1909
1910
1911
1912
1913
1914
1915
1916
1917
1918
1919
1920
1921
1922
1923
1924
1925
1926
1927
1928
1929
1930
1931
1932
1933
1934
1935
1936
1937
1938
1939
1940
1941
1942
1943
1944
1945
1946
1947
1948
1949
1950
1951
1952
1953
1954
1955
1956
1957
1958
1959
1960
1961
1962
1963
1964
1965
1966
1967
1968
1969
1970
1971
1972
1973
1974
1975
1976
1977
1978
1979
1980
1981
1982
1983
1984
1985
1986
1987
1988
1989
1990
1991
1992
1993
1994
1995
1996
1997
1998
1999
2000
2001
2002
2003
2004
2005
2006
2007
2008
2009
2010
2011
2012
2013
2014
2015
2016
2017
2018
2019
2020
2021
2022
2023
2024
2025
2026
2027
2028
2029
2030
2031
2032
2033
2034
2035
2036
2037
2038
2039
2040
2041
2042
2043
2044
2045
2046
2047
2048
2049
2050
2051
2052
2053
2054
2055
2056
2057
2058
2059
2060
2061
2062
2063
2064
2065
2066
2067
2068
2069
2070
2071
2072
2073
2074
2075
2076
2077
2078
2079
2080
2081
2082
2083
2084
2085
2086
2087
2088
2089
2090
2091
2092
2093
2094
2095
2096
2097
2098
2099
2100
2101
2102
2103
2104
2105
2106
2107
2108
2109
2110
2111
2112
2113
2114
2115
2116
2117
2118
2119
2120
2121
2122
2123
2124
2125
2126
2127
2128
2129
2130
2131
2132
2133
2134
2135
2136
2137
2138
2139
2140
2141
2142
2143
2144
2145
2146
2147
2148
2149
2150
2151
2152
2153
2154
2155
2156
2157
2158
2159
2160
2161
2162
2163
2164
2165
2166
2167
2168
2169
2170
2171
2172
2173
2174
2175
2176
2177
2178
2179
2180
2181
2182
2183
2184
2185
2186
2187
2188
2189
2190
2191
2192
2193
2194
2195
2196
2197
2198
2199
2200
2201
2202
2203
2204
2205
2206
2207
2208
2209
2210
2211
2212
2213
2214
2215
2216
2217
2218
2219
2220
2221
2222
2223
2224
2225
2226
2227
2228
2229
2230
2231
2232
2233
2234
2235
2236
2237
2238
2239
2240
2241
2242
2243
2244
2245
2246
2247
2248
2249
2250
2251
2252
2253
2254
2255
2256
2257
2258
2259
2260
2261
2262
2263
2264
2265
2266
2267
2268
2269
2270
2271
2272
2273
2274
2275
2276
2277
2278
2279
2280
2281
2282
2283
2284
2285
2286
2287
2288
2289
2290
2291
2292
2293
2294
2295
2296
2297
2298
2299
2300
2301
2302
2303
2304
2305
2306
2307
2308
2309
2310
2311
2312
2313
2314
2315
2316
2317
2318
2319
2320
2321
2322
2323
2324
2325
2326
2327
2328
2329
2330
2331
2332
2333
2334
2335
2336
2337
2338
2339
2340
2341
2342
2343
2344
2345
2346
2347
2348
2349
2350
2351
2352
2353
2354
2355
2356
2357
2358
2359
2360
2361
2362
2363
2364
2365
2366
2367
2368
2369
2370
2371
2372
2373
2374
2375
2376
2377
2378
2379
2380
2381
2382
2383
2384
2385
2386
2387
2388
2389
2390
2391
2392
2393
2394
2395
2396
2397
2398
2399
2400
2401
2402
2403
2404
2405
2406
2407
2408
2409
2410
2411
2412
2413
2414
2415
2416
2417
2418
2419
2420
2421
2422
2423
2424
2425
2426
2427
2428
2429
2430
2431
2432
2433
2434
2435
2436
2437
2438
2439
2440
2441
2442
2443
2444
2445
2446
2447
2448
2449
2450
2451
2452
2453
2454
2455
2456
2457
2458
2459
2460
2461
2462
2463
2464
2465
2466
2467
2468
2469
2470
2471
2472
2473
2474
2475
2476
2477
2478
2479
2480
2481
2482
2483
2484
2485
2486
2487
2488
2489
2490
2491
2492
2493
2494
2495
2496
2497
2498
2499
2500
2501
2826
2827
2829
2830
2832
2833
2834
2835
2838
2839
2841
2842
2844
2845
2847
2848
2850
2851
2852
2853
2854
2855
2859
2860
2862
2863
2865
2866
2868
2869
2871
2872
2874
2875
2877
2878
2880
2881
2883
2884
2886
2887
2889
2890
2892
2893
2896
2897
2899
2900
2903
2904
2906
2907
2910
2911
2913
2914
2916
2917
2918
2919
2922
2923
2925
2926
2928
2929
2930
2931
2932
2933
2937
2938
2940
2941
2943
2944
2947
2948
2950
2951
2954
2955
2957
2958
2961
2962
2964
2965
2967
2968
2969
2970
2971
2972
2976
2977
2979
2980
2982
2983
2986
2987
2988
2989
2990
2991
2992
2993
2994
2995
2996
2997
2998
2999
3000
3001
3002
3003
3004
3005
3006
3007
3008
3009
3010
3011
3012
3013
3014
3015
3016
3017
3018
3019
3020
3021
3022
3023
3024
3025
3026
3027
3028
3029
3030
3031
3032
3033
3034
3035
3036
3037
3038
3039
3040
3041
3042
3043
3044
3045
3046
3047
3048
3049
3050
3051
3052
3053
3054
3055
3056
3057
3058
3059
3060
3061
3062
3063
3064
3065
3066
3067
3068
3069
3070
3071
3072
3073
3074
3075
3076
3077
3078
3079
3080
3081
3082
3083
3084
3085
3086
3087
3088
3089
3090
3091
3092
3093
3094
3095
3096
3097
3098
3099
3100
3101
3102
3103
3104
3105
3106
3107
3108
3109
3110
3111
3112
3113
3114
3115
3116
3117
3118
3119
3120
3121
3122
3123
3124
3125
3126
3127
3128
3129
3130
3131
3132
3133
3134
3135
3136
3137
3138
3139
3140
3141
3142
3143
3144
3145
3146
3147
3148
3149
3150
3151
3152
3153
3154
3155
3156
3157
3158
3159
3160
3161
3162
3163
3164
3165
3166
3167
3168
3169
3170
3171
3172
3173
3174
3175
3176
3177
3178
3179
3180
3181
3182
3183
3184
3185
3186
3187
3188
3189
3190
3191
3192
3193
3194
3195
3196
3197
3198
3199
3200
3201
3202
3203
3204
3205
3206
3207
3208
3209
3210
3211
3212
3213
3214
3215
3216
3217
3218
3219
3220
3221
3222
3223
3224
3225
3226
3227
3427
3428
3430
3431
3433
3434
3435
3436
3437
3438
3443
3444
3446
3447
3449
3450
3452
3453
3455
3456
3458
3459
3461
3462
3464
3465
3467
3468
3470
3471
3472
3473
3474
3475
3476
3477
3478
3479
3480
3481
3482
3483
3484
3485
3486
3487
3488
3489
3490
3491
3492
3493
3495
3496
3498
3499
3502
3503
5919
5920
5922
5923
5924
5925
5926
5927
5928
5929
5931
5932
5934
5935
5936
5937
5938
5939
5940
5941
5942
5943
5945
5946
5948
5949
5950
5951
5952
5953
5954
5955
5956
5957
5959
5960
5962
5963
5964
5965
5966
5967
5968
5969
5970
5971
5973
5974
5976
5977
5978
5979
5980
5981
5982
5983
5984
5985
5987
5988
5990
5991
5993
5994
5995
5996
5997
5998
5999
6000
6002
6003
6004
6005
6007
6008
6009
6010
6011
6012
6013
6014
6015
6016
6019
6020
6021
6022
6023
6024
6025
6026
6027
6028
6031
6032
6033
6034
6036
6037
6038
6039
6040
6041
6042
6043
6044
6045
6048
6049
6050
6051
6052
6053
6054
6055
6056
6057
6062
6063
6065
6066
6068
6069
6070
6071
6072
6073
6074
6075
6077
6078
6079
6080
6082
6083
6084
6085
6086
6087
6088
6089
6090
6091
6094
6095
6096
6097
6098
6099
6100
6101
6102
6103
6106
6107
6108
6109
6111
6112
6113
6114
6115
6116
6117
6118
6119
6120
6123
6124
6125
6126
6127
6128
6129
6130
6131
6132
6137
6138
6140
6141
6143
6144
6145
6146
6147
6148
6149
6150
6152
6153
6154
6155
6157
6158
6159
6160
6161
6162
6163
6164
6165
6166
6169
6170
6171
6172
6173
6174
6175
6176
6177
6178
6181
6182
6183
6184
6186
6187
6188
6189
6190
6191
6192
6193
6194
6195
6198
6199
6200
6201
6202
6203
6204
6205
6206
6207
6212
6213
6215
6216
6218
6219
6220
6221
6222
6223
6224
6225
6227
6228
6229
6230
6232
6233
6234
6235
6236
6237
6238
6239
6240
6241
6244
6245
6246
6247
6248
6249
6250
6251
6252
6253
6256
6257
6258
6259
6261
6262
6263
6264
6265
6266
6267
6268
6269
6270
6273
6274
6275
6276
6277
6278
6279
6280
6281
6282
6287
6288
6290
6291
6292
6293
6294
6295
6296
6297
6299
6300
6302
6303
6304
6305
6306
6307
6308
6309
6310
6311
6313
6314
6316
6317
6318
6319
6320
6321
6322
6323
6324
6325
6327
6328
6330
6331
6332
6333
6334
6335
6336
6337
6338
6339
6341
6342
6344
6345
6346
6347
6348
6349
6350
6351
6352
6353
6355
6356
6358
6359
6361
6362
6363
6364
6365
6366
6367
6368
6370
6371
6372
6373
6375
6376
6377
6378
6379
6380
6381
6382
6383
6384
6387
6388
6389
6390
6391
6392
6393
6394
6395
6396
6399
6400
6401
6402
6404
6405
6406
6407
6408
6409
6410
6411
6412
6413
6416
6417
6418
6419
6420
6421
6422
6423
6424
6425
6430
6431
6433
6434
6436
6437
6438
6439
6440
6441
6442
6443
6445
6446
6447
6448
6450
6451
6452
6453
6454
6455
6456
6457
6458
6459
6462
6463
6464
6465
6466
6467
6468
6469
6470
6471
6474
6475
6476
6477
6479
6480
6481
6482
6483
6484
6485
6486
6487
6488
6491
6492
6493
6494
6495
6496
6497
6498
6499
6500
6505
6506
6508
6509
6511
6512
6513
6514
6515
6516
6517
6518
6520
6521
6522
6523
6525
6526
6527
6528
6529
6530
6531
6532
6533
6534
6537
6538
6539
6540
6541
6542
6543
6544
6545
6546
6549
6550
6551
6552
6554
6555
6556
6557
6558
6559
6560
6561
6562
6563
6566
6567
6568
6569
6570
6571
6572
6573
6574
6575
6580
6581
6583
6584
6586
6587
6588
6589
6590
6591
6592
6593
6595
6596
6597
6598
6600
6601
6602
6603
6604
6605
6606
6607
6608
6609
6612
6613
6614
6615
6616
6617
6618
6619
6620
6621
6624
6625
6626
6627
6629
6630
6631
6632
6633
6634
6635
6636
6637
6638
6641
6642
6643
6644
6645
6646
6647
6648
6649
6650
6655
6656
6658
6659
6660
6661
6662
6663
6664
6665
6667
6668
6670
6671
6672
6673
6674
6675
6676
6677
6678
6679
6681
6682
6684
6685
6686
6687
6688
6689
6690
6691
6692
6693
6695
6696
6698
6699
6700
6701
6702
6703
6704
6705
6706
6707
6709
6710
6712
6713
6714
6715
6716
6717
6718
6719
6720
6721
6723
6724
6726
6727
6729
6730
6731
6732
6733
6734
6735
6736
6738
6739
6740
6741
6743
6744
6745
6746
6747
6748
6749
6750
6751
6752
6755
6756
6757
6758
6759
6760
6761
6762
6763
6764
6767
6768
6769
6770
6772
6773
6774
6775
6776
6777
6778
6779
6780
6781
6784
6785
6786
6787
6788
6789
6790
6791
6792
6793
6798
6799
6801
6802
6804
6805
6806
6807
6808
6809
6810
6811
6813
6814
6815
6816
6818
6819
6820
6821
6822
6823
6824
6825
6826
6827
6830
6831
6832
6833
6834
6835
6836
6837
6838
6839
6842
6843
6844
6845
6847
6848
6849
6850
6851
6852
6853
6854
6855
6856
6859
6860
6861
6862
6863
6864
6865
6866
6867
6868
6873
6874
6876
6877
6879
6880
6881
6882
6883
6884
6885
6886
6888
6889
6890
6891
6893
6894
6895
6896
6897
6898
6899
6900
6901
6902
6905
6906
6907
6908
6909
6910
6911
6912
6913
6914
6917
6918
6919
6920
6922
6923
6924
6925
6926
6927
6928
6929
6930
6931
6934
6935
6936
6937
6938
6939
6940
6941
6942
6943
6948
6949
6951
6952
6954
6955
6956
6957
6958
6959
6960
6961
6963
6964
6965
6966
6968
6969
6970
6971
6972
6973
6974
6975
6976
6977
6980
6981
6982
6983
6984
6985
6986
6987
6988
6989
6992
6993
6994
6995
6997
6998
6999
7000
7001
7002
7003
7004
7005
7006
7009
7010
7011
7012
7013
7014
7015
7016
7017
7018
7023
7024
7026
7027
7028
7029
7030
7031
7032
7033
7035
7036
7038
7039
7040
7041
7042
7043
7044
7045
7046
7047
7049
7050
7052
7053
7054
7055
7056
7057
7058
7059
7060
7061
7063
7064
7066
7067
7068
7069
7070
7071
7072
7073
7074
7075
7077
7078
7080
7081
7082
7083
7084
7085
7086
7087
7088
7089
7091
7092
7094
7095
7097
7098
7099
7100
7101
7102
7103
7104
7106
7107
7108
7109
7111
7112
7113
7114
7115
7116
7117
7118
7119
7120
7123
7124
7125
7126
7127
7128
7129
7130
7131
7132
7135
7136
7137
7138
7140
7141
7142
7143
7144
7145
7146
7147
7148
7149
7152
7153
7154
7155
7156
7157
7158
7159
7160
7161
7166
7167
7169
7170
7172
7173
7174
7175
7176
7177
7178
7179
7181
7182
7183
7184
7186
7187
7188
7189
7190
7191
7192
7193
7194
7195
7198
7199
7200
7201
7202
7203
7204
7205
7206
7207
7210
7211
7212
7213
7215
7216
7217
7218
7219
7220
7221
7222
7223
7224
7227
7228
7229
7230
7231
7232
7233
7234
7235
7236
7241
7242
7244
7245
7247
7248
7249
7250
7251
7252
7253
7254
7256
7257
7258
7259
7261
7262
7263
7264
7265
7266
7267
7268
7269
7270
7273
7274
7275
7276
7277
7278
7279
7280
7281
7282
7285
7286
7287
7288
7290
7291
7292
7293
7294
7295
7296
7297
7298
7299
7302
7303
7304
7305
7306
7307
7308
7309
7310
7311
7316
7317
7319
7320
7322
7323
7324
7325
7326
7327
7328
7329
7331
7332
7333
7334
7336
7337
7338
7339
7340
7341
7342
7343
7344
7345
7348
7349
7350
7351
7352
7353
7354
7355
7356
7357
7360
7361
7362
7363
7365
7366
7367
7368
7369
7370
7371
7372
7373
7374
7377
7378
7379
7380
7381
7382
7383
7384
7385
7386
7391
7392
7394
7395
7396
7397
7398
7399
7400
7401
7403
7404
7406
7407
7408
7409
7410
7411
7412
7413
7414
7415
7417
7418
7420
7421
7422
7423
7424
7425
7426
7427
7428
7429
7431
7432
7434
7435
7436
7437
7438
7439
7440
7441
7442
7443
7445
7446
7448
7449
7450
7451
7452
7453
7454
7455
7456
7457
7459
7460
7462
7463
7465
7466
7467
7468
7469
7470
7471
7472
7474
7475
7476
7477
7479
7480
7481
7482
7483
7484
7485
7486
7487
7488
7491
7492
7493
7494
7495
7496
7497
7498
7499
7500
7503
7504
7505
7506
7508
7509
7510
7511
7512
7513
7514
7515
7516
7517
7520
7521
7522
7523
7524
7525
7526
7527
7528
7529
7534
7535
7537
7538
7540
7541
7542
7543
7544
7545
7546
7547
7549
7550
7551
7552
7554
7555
7556
7557
7558
7559
7560
7561
7562
7563
7566
7567
7568
7569
7570
7571
7572
7573
7574
7575
7578
7579
7580
7581
7583
7584
7585
7586
7587
7588
7589
7590
7591
7592
7595
7596
7597
7598
7599
7600
7601
7602
7603
7604
7609
7610
7612
7613
7615
7616
7617
7618
7619
7620
7621
7622
7624
7625
7626
7627
7629
7630
7631
7632
7633
7634
7635
7636
7637
7638
7641
7642
7643
7644
7645
7646
7647
7648
7649
7650
7653
7654
7655
7656
7658
7659
7660
7661
7662
7663
7664
7665
7666
7667
7670
7671
7672
7673
7674
7675
7676
7677
7678
7679
7684
7685
7687
7688
7690
7691
7692
7693
7694
7695
7696
7697
7699
7700
7701
7702
7704
7705
7706
7707
7708
7709
7710
7711
7712
7713
7716
7717
7718
7719
7720
7721
7722
7723
7724
7725
7728
7729
7730
7731
7733
7734
7735
7736
7737
7738
7739
7740
7741
7742
7745
7746
7747
7748
7749
7750
7751
7752
7753
7754
7759
7760
7762
7763
7764
7765
7766
7767
7768
7769
7771
7772
7774
7775
7776
7777
7778
7779
7780
7781
7782
7783
7785
7786
7788
7789
7790
7791
7792
7793
7794
7795
7796
7797
7799
7800
7802
7803
7804
7805
7806
7807
7808
7809
7810
7811
7813
7814
7816
7817
7818
7819
7820
7821
7822
7823
7824
7825
7827
7828
7830
7831
7833
7834
7835
7836
7837
7838
7839
7840
7842
7843
7844
7845
7847
7848
7849
7850
7851
7852
7853
7854
7855
7856
7859
7860
7861
7862
7863
7864
7865
7866
7867
7868
7871
7872
7873
7874
7876
7877
7878
7879
7880
7881
7882
7883
7884
7885
7888
7889
7890
7891
7892
7893
7894
7895
7896
7897
7902
7903
7905
7906
7908
7909
7910
7911
7912
7913
7914
7915
7917
7918
7919
7920
7922
7923
7924
7925
7926
7927
7928
7929
7930
7931
7934
7935
7936
7937
7938
7939
7940
7941
7942
7943
7946
7947
7948
7949
7951
7952
7953
7954
7955
7956
7957
7958
7959
7960
7963
7964
7965
7966
7967
7968
7969
7970
7971
7972
7977
7978
7980
7981
7983
7984
7985
7986
7987
7988
7989
7990
7992
7993
7994
7995
7997
7998
7999
8000
8001
8002
8003
8004
8005
8006
8009
8010
8011
8012
8013
8014
8015
8016
8017
8018
8021
8022
8023
8024
8026
8027
8028
8029
8030
8031
8032
8033
8034
8035
8038
8039
8040
8041
8042
8043
8044
8045
8046
8047
8052
8053
8055
8056
8058
8059
8060
8061
8062
8063
8064
8065
8067
8068
8069
8070
8072
8073
8074
8075
8076
8077
8078
8079
8080
8081
8084
8085
8086
8087
8088
8089
8090
8091
8092
8093
8096
8097
8098
8099
8101
8102
8103
8104
8105
8106
8107
8108
8109
8110
8113
8114
8115
8116
8117
8118
8119
8120
8121
8122
8127
8128
8130
8131
8132
8133
8134
8135
8136
8137
8139
8140
8142
8143
8144
8145
8146
8147
8148
8149
8150
8151
8153
8154
8156
8157
8158
8159
8160
8161
8162
8163
8164
8165
8167
8168
8170
8171
8172
8173
8174
8175
8176
8177
8178
8179
8181
8182
8184
8185
8186
8187
8188
8189
8190
8191
8192
8193
8195
8196
8198
8199
8201
8202
8203
8204
8205
8206
8207
8208
8210
8211
8212
8213
8215
8216
8217
8218
8219
8220
8221
8222
8223
8224
8227
8228
8229
8230
8231
8232
8233
8234
8235
8236
8239
8240
8241
8242
8244
8245
8246
8247
8248
8249
8250
8251
8252
8253
8256
8257
8258
8259
8260
8261
8262
8263
8264
8265
8270
8271
8273
8274
8276
8277
8278
8279
8280
8281
8282
8283
8285
8286
8287
8288
8290
8291
8292
8293
8294
8295
8296
8297
8298
8299
8302
8303
8304
8305
8306
8307
8308
8309
8310
8311
8314
8315
8316
8317
8319
8320
8321
8322
8323
8324
8325
8326
8327
8328
8331
8332
8333
8334
8335
8336
8337
8338
8339
8340
8345
8346
8348
8349
8351
8352
8353
8354
8355
8356
8357
8358
8360
8361
8362
8363
8365
8366
8367
8368
8369
8370
8371
8372
8373
8374
8377
8378
8379
8380
8381
8382
8383
8384
8385
8386
8389
8390
8391
8392
8394
8395
8396
8397
8398
8399
8400
8401
8402
8403
8406
8407
8408
8409
8410
8411
8412
8413
8414
8415
8420
8421
8423
8424
8426
8427
8428
8429
8430
8431
8432
8433
8435
8436
8437
8438
8440
8441
8442
8443
8444
8445
8446
8447
8448
8449
8452
8453
8454
8455
8456
8457
8458
8459
8460
8461
8464
8465
8466
8467
8469
8470
8471
8472
8473
8474
8475
8476
8477
8478
8481
8482
8483
8484
8485
8486
8487
8488
8489
8490
8495
8496
8498
8499
8500
8501
8502
8503
8504
8505
8507
8508
8510
8511
8512
8513
8514
8515
8516
8517
8518
8519
8521
8522
8524
8525
8526
8527
8528
8529
8530
8531
8532
8533
8535
8536
8538
8539
8540
8541
8542
8543
8544
8545
8546
8547
8549
8550
8552
8553
8554
8555
8556
8557
8558
8559
8560
8561
8563
8564
8566
8567
8569
8570
8571
8572
8573
8574
8575
8576
8578
8579
8580
8581
8583
8584
8585
8586
8587
8588
8589
8590
8591
8592
8595
8596
8597
8598
8599
8600
8601
8602
8603
8604
8607
8608
8609
8610
8612
8613
8614
8615
8616
8617
8618
8619
8620
8621
8624
8625
8626
8627
8628
8629
8630
8631
8632
8633
8638
8639
8641
8642
8644
8645
8646
8647
8648
8649
8650
8651
8653
8654
8655
8656
8658
8659
8660
8661
8662
8663
8664
8665
8666
8667
8670
8671
8672
8673
8674
8675
8676
8677
8678
8679
8682
8683
8684
8685
8687
8688
8689
8690
8691
8692
8693
8694
8695
8696
8699
8700
8701
8702
8703
8704
8705
8706
8707
8708
8713
8714
8716
8717
8719
8720
8721
8722
8723
8724
8725
8726
8728
8729
8730
8731
8733
8734
8735
8736
8737
8738
8739
8740
8741
8742
8745
8746
8747
8748
8749
8750
8751
8752
8753
8754
8757
8758
8759
8760
8762
8763
8764
8765
8766
8767
8768
8769
8770
8771
8774
8775
8776
8777
8778
8779
8780
8781
8782
8783
8788
8789
8791
8792
8794
8795
8796
8797
8798
8799
8800
8801
8803
8804
8805
8806
8808
8809
8810
8811
8812
8813
8814
8815
8816
8817
8820
8821
8822
8823
8824
8825
8826
8827
8828
8829
8832
8833
8834
8835
8837
8838
8839
8840
8841
8842
8843
8844
8845
8846
8849
8850
8851
8852
8853
8854
8855
8856
8857
8858
8863
8864
8866
8867
8868
8869
8870
8871
8872
8873
8875
8876
8878
8879
8880
8881
8882
8883
8884
8885
8887
8888
8890
8891
8892
8893
8894
8895
8896
8897
8899
8900
8902
8903
8905
8906
8907
8908
8909
8910
8912
8913
8914
8915
8916
8917
8918
8919
8920
8921
8925
8926
8927
8928
8929
8930
8931
8932
8933
8934
8937
8938
8940
8941
8942
8943
8944
8945
8946
8947
8949
8950
8952
8953
8954
8955
8956
8957
8958
8959
8961
8962
8964
8965
8966
8967
8968
8969
8970
8971
8973
8974
8976
8977
8979
8980
8981
8982
8983
8984
8986
8987
8988
8989
8990
8991
8992
8993
8994
8995
8999
9000
9001
9002
9003
9004
9005
9006
9007
9008
9011
9012
9014
9015
9016
9017
9018
9019
9020
9021
9023
9024
9026
9027
9028
9029
9030
9031
9032
9033
9035
9036
9038
9039
9040
9041
9042
9043
9044
9045
9047
9048
9050
9051
9053
9054
9055
9056
9057
9058
9060
9061
9062
9063
9064
9065
9066
9067
9070
9071
9072
9073
9074
9075
9076
9077
9079
9080
9082
9083
9084
9085
9086
9087
9088
9089
9091
9092
9094
9095
9096
9097
9098
9099
9100
9101
9103
9104
9106
9107
9108
9109
9110
9111
9112
9113
9115
9116
9118
9119
9121
9122
9123
9124
9125
9126
9128
9129
9130
9131
9132
9133
9134
9135
9138
9139
9140
9141
9142
9143
9144
9145
9147
9148
9150
9151
9152
9153
9155
9156
9158
9159
9160
9161
9163
9164
9166
9167
9168
9169
9171
9172
9174
9175
9177
9178
9179
9180
9181
9182
9184
9185
9186
9187
9190
9191
9192
9193
9195
9196
9198
9199
9201
9202
9204
9205
9207
9208
9209
9210
9211
9212
9215
9216
9218
9219
9221
9222
9224
9225
9227
9228
9230
9231
9233
9234
9235
9236
9238
9239
9241
9242
9244
9245
9248
9249
9251
9252
9253
9254
9256
9257
9259
9260
9262
9263
9265
9266
9268
9269
9271
9272
9274
9275
9278
9279
9281
9282
9284
9285
9287
9288
9290
9291
9293
9294
9296
9297
9298
9299
9301
9302
9304
9305
9307
9308
9309
9310
9312
9313
9314
9315
9316
9317
9319
9320
9322
9323
9326
9327
12557
12558
12560
12561
12562
12563
12564
12565
12566
12567
12569
12570
12572
12573
12574
12575
12576
12577
12578
12579
12580
12581
12583
12584
12586
12587
12588
12589
12590
12591
12592
12593
12594
12595
12597
12598
12600
12601
12602
12603
12604
12605
12606
12607
12608
12609
12611
12612
12614
12615
12616
12617
12618
12619
12620
12621
12622
12623
12625
12626
12628
12629
12631
12632
12633
12634
12635
12636
12637
12638
12640
12641
12642
12643
12645
12646
12647
12648
12649
12650
12651
12652
12653
12654
12657
12658
12659
12660
12661
12662
12663
12664
12665
12666
12669
12670
12671
12672
12674
12675
12676
12677
12678
12679
12680
12681
12682
12683
12686
12687
12688
12689
12690
12691
12692
12693
12694
12695
12700
12701
12703
12704
12706
12707
12708
12709
12710
12711
12712
12713
12715
12716
12717
12718
12720
12721
12722
12723
12724
12725
12726
12727
12728
12729
12732
12733
12734
12735
12736
12737
12738
12739
12740
12741
12744
12745
12746
12747
12749
12750
12751
12752
12753
12754
12755
12756
12757
12758
12761
12762
12763
12764
12765
12766
12767
12768
12769
12770
12775
12776
12778
12779
12781
12782
12783
12784
12785
12786
12787
12788
12790
12791
12792
12793
12795
12796
12797
12798
12799
12800
12801
12802
12803
12804
12807
12808
12809
12810
12811
12812
12813
12814
12815
12816
12819
12820
12821
12822
12824
12825
12826
12827
12828
12829
12830
12831
12832
12833
12836
12837
12838
12839
12840
12841
12842
12843
12844
12845
12850
12851
12853
12854
12856
12857
12858
12859
12860
12861
12862
12863
12865
12866
12867
12868
12870
12871
12872
12873
12874
12875
12876
12877
12878
12879
12882
12883
12884
12885
12886
12887
12888
12889
12890
12891
12894
12895
12896
12897
12899
12900
12901
12902
12903
12904
12905
12906
12907
12908
12911
12912
12913
12914
12915
12916
12917
12918
12919
12920
12925
12926
12928
12929
12930
12931
12932
12933
12934
12935
12937
12938
12940
12941
12942
12943
12944
12945
12946
12947
12948
12949
12951
12952
12954
12955
12956
12957
12958
12959
12960
12961
12962
12963
12965
12966
12968
12969
12970
12971
12972
12973
12974
12975
12976
12977
12979
12980
12982
12983
12984
12985
12986
12987
12988
12989
12990
12991
12993
12994
12996
12997
12999
13000
13001
13002
13003
13004
13005
13006
13008
13009
13010
13011
13013
13014
13015
13016
13017
13018
13019
13020
13021
13022
13025
13026
13027
13028
13029
13030
13031
13032
13033
13034
13037
13038
13039
13040
13042
13043
13044
13045
13046
13047
13048
13049
13050
13051
13054
13055
13056
13057
13058
13059
13060
13061
13062
13063
13068
13069
13071
13072
13074
13075
13076
13077
13078
13079
13080
13081
13083
13084
13085
13086
13088
13089
13090
13091
13092
13093
13094
13095
13096
13097
13100
13101
13102
13103
13104
13105
13106
13107
13108
13109
13112
13113
13114
13115
13117
13118
13119
13120
13121
13122
13123
13124
13125
13126
13129
13130
13131
13132
13133
13134
13135
13136
13137
13138
13143
13144
13146
13147
13149
13150
13151
13152
13153
13154
13155
13156
13158
13159
13160
13161
13163
13164
13165
13166
13167
13168
13169
13170
13171
13172
13175
13176
13177
13178
13179
13180
13181
13182
13183
13184
13187
13188
13189
13190
13192
13193
13194
13195
13196
13197
13198
13199
13200
13201
13204
13205
13206
13207
13208
13209
13210
13211
13212
13213
13218
13219
13221
13222
13224
13225
13226
13227
13228
13229
13230
13231
13233
13234
13235
13236
13238
13239
13240
13241
13242
13243
13244
13245
13246
13247
13250
13251
13252
13253
13254
13255
13256
13257
13258
13259
13262
13263
13264
13265
13267
13268
13269
13270
13271
13272
13273
13274
13275
13276
13279
13280
13281
13282
13283
13284
13285
13286
13287
13288
13293
13294
13296
13297
13298
13299
13300
13301
13302
13303
13305
13306
13308
13309
13310
13311
13312
13313
13314
13315
13316
13317
13319
13320
13322
13323
13324
13325
13326
13327
13328
13329
13330
13331
13333
13334
13336
13337
13338
13339
13340
13341
13342
13343
13344
13345
13347
13348
13350
13351
13352
13353
13354
13355
13356
13357
13358
13359
13361
13362
13364
13365
13367
13368
13369
13370
13371
13372
13373
13374
13376
13377
13378
13379
13381
13382
13383
13384
13385
13386
13387
13388
13389
13390
13393
13394
13395
13396
13397
13398
13399
13400
13401
13402
13405
13406
13407
13408
13410
13411
13412
13413
13414
13415
13416
13417
13418
13419
13422
13423
13424
13425
13426
13427
13428
13429
13430
13431
13436
13437
13439
13440
13442
13443
13444
13445
13446
13447
13448
13449
13451
13452
13453
13454
13456
13457
13458
13459
13460
13461
13462
13463
13464
13465
13468
13469
13470
13471
13472
13473
13474
13475
13476
13477
13480
13481
13482
13483
13485
13486
13487
13488
13489
13490
13491
13492
13493
13494
13497
13498
13499
13500
13501
13502
13503
13504
13505
13506
13511
13512
13514
13515
13517
13518
13519
13520
13521
13522
13523
13524
13526
13527
13528
13529
13531
13532
13533
13534
13535
13536
13537
13538
13539
13540
13543
13544
13545
13546
13547
13548
13549
13550
13551
13552
13555
13556
13557
13558
13560
13561
13562
13563
13564
13565
13566
13567
13568
13569
13572
13573
13574
13575
13576
13577
13578
13579
13580
13581
13586
13587
13589
13590
13592
13593
13594
13595
13596
13597
13598
13599
13601
13602
13603
13604
13606
13607
13608
13609
13610
13611
13612
13613
13614
13615
13618
13619
13620
13621
13622
13623
13624
13625
13626
13627
13630
13631
13632
13633
13635
13636
13637
13638
13639
13640
13641
13642
13643
13644
13647
13648
13649
13650
13651
13652
13653
13654
13655
13656
13661
13662
13664
13665
13666
13667
13668
13669
13670
13671
13673
13674
13676
13677
13678
13679
13680
13681
13682
13683
13684
13685
13687
13688
13690
13691
13692
13693
13694
13695
13696
13697
13698
13699
13701
13702
13704
13705
13706
13707
13708
13709
13710
13711
13712
13713
13715
13716
13718
13719
13720
13721
13722
13723
13724
13725
13726
13727
13729
13730
13732
13733
13735
13736
13737
13738
13739
13740
13741
13742
13744
13745
13746
13747
13749
13750
13751
13752
13753
13754
13755
13756
13757
13758
13761
13762
13763
13764
13765
13766
13767
13768
13769
13770
13773
13774
13775
13776
13778
13779
13780
13781
13782
13783
13784
13785
13786
13787
13790
13791
13792
13793
13794
13795
13796
13797
13798
13799
13804
13805
13807
13808
13810
13811
13812
13813
13814
13815
13816
13817
13819
13820
13821
13822
13824
13825
13826
13827
13828
13829
13830
13831
13832
13833
13836
13837
13838
13839
13840
13841
13842
13843
13844
13845
13848
13849
13850
13851
13853
13854
13855
13856
13857
13858
13859
13860
13861
13862
13865
13866
13867
13868
13869
13870
13871
13872
13873
13874
13879
13880
13882
13883
13885
13886
13887
13888
13889
13890
13891
13892
13894
13895
13896
13897
13899
13900
13901
13902
13903
13904
13905
13906
13907
13908
13911
13912
13913
13914
13915
13916
13917
13918
13919
13920
13923
13924
13925
13926
13928
13929
13930
13931
13932
13933
13934
13935
13936
13937
13940
13941
13942
13943
13944
13945
13946
13947
13948
13949
13954
13955
13957
13958
13960
13961
13962
13963
13964
13965
13966
13967
13969
13970
13971
13972
13974
13975
13976
13977
13978
13979
13980
13981
13982
13983
13986
13987
13988
13989
13990
13991
13992
13993
13994
13995
13998
13999
14000
14001
14003
14004
14005
14006
14007
14008
14009
14010
14011
14012
14015
14016
14017
14018
14019
14020
14021
14022
14023
14024
14029
14030
14032
14033
14034
14035
14036
14037
14038
14039
14041
14042
14044
14045
14046
14047
14048
14049
14050
14051
14052
14053
14055
14056
14058
14059
14060
14061
14062
14063
14064
14065
14066
14067
14069
14070
14072
14073
14074
14075
14076
14077
14078
14079
14080
14081
14083
14084
14086
14087
14088
14089
14090
14091
14092
14093
14094
14095
14097
14098
14100
14101
14103
14104
14105
14106
14107
14108
14109
14110
14112
14113
14114
14115
14117
14118
14119
14120
14121
14122
14123
14124
14125
14126
14129
14130
14131
14132
14133
14134
14135
14136
14137
14138
14141
14142
14143
14144
14146
14147
14148
14149
14150
14151
14152
14153
14154
14155
14158
14159
14160
14161
14162
14163
14164
14165
14166
14167
14172
14173
14175
14176
14178
14179
14180
14181
14182
14183
14184
14185
14187
14188
14189
14190
14192
14193
14194
14195
14196
14197
14198
14199
14200
14201
14204
14205
14206
14207
14208
14209
14210
14211
14212
14213
14216
14217
14218
14219
14221
14222
14223
14224
14225
14226
14227
14228
14229
14230
14233
14234
14235
14236
14237
14238
14239
14240
14241
14242
14247
14248
14250
14251
14253
14254
14255
14256
14257
14258
14259
14260
14262
14263
14264
14265
14267
14268
14269
14270
14271
14272
14273
14274
14275
14276
14279
14280
14281
14282
14283
14284
14285
14286
14287
14288
14291
14292
14293
14294
14296
14297
14298
14299
14300
14301
14302
14303
14304
14305
14308
14309
14310
14311
14312
14313
14314
14315
14316
14317
14322
14323
14325
14326
14328
14329
14330
14331
14332
14333
14334
14335
14337
14338
14339
14340
14342
14343
14344
14345
14346
14347
14348
14349
14350
14351
14354
14355
14356
14357
14358
14359
14360
14361
14362
14363
14366
14367
14368
14369
14371
14372
14373
14374
14375
14376
14377
14378
14379
14380
14383
14384
14385
14386
14387
14388
14389
14390
14391
14392
14397
14398
14400
14401
14402
14403
14404
14405
14406
14407
14409
14410
14412
14413
14414
14415
14416
14417
14418
14419
14420
14421
14423
14424
14426
14427
14428
14429
14430
14431
14432
14433
14434
14435
14437
14438
14440
14441
14442
14443
14444
14445
14446
14447
14448
14449
14451
14452
14454
14455
14456
14457
14458
14459
14460
14461
14462
14463
14465
14466
14468
14469
14471
14472
14473
14474
14475
14476
14477
14478
14480
14481
14482
14483
14485
14486
14487
14488
14489
14490
14491
14492
14493
14494
14497
14498
14499
14500
14501
14502
14503
14504
14505
14506
14509
14510
14511
14512
14514
14515
14516
14517
14518
14519
14520
14521
14522
14523
14526
14527
14528
14529
14530
14531
14532
14533
14534
14535
14540
14541
14543
14544
14546
14547
14548
14549
14550
14551
14552
14553
14555
14556
14557
14558
14560
14561
14562
14563
14564
14565
14566
14567
14568
14569
14572
14573
14574
14575
14576
14577
14578
14579
14580
14581
14584
14585
14586
14587
14589
14590
14591
14592
14593
14594
14595
14596
14597
14598
14601
14602
14603
14604
14605
14606
14607
14608
14609
14610
14615
14616
14618
14619
14621
14622
14623
14624
14625
14626
14627
14628
14630
14631
14632
14633
14635
14636
14637
14638
14639
14640
14641
14642
14643
14644
14647
14648
14649
14650
14651
14652
14653
14654
14655
14656
14659
14660
14661
14662
14664
14665
14666
14667
14668
14669
14670
14671
14672
14673
14676
14677
14678
14679
14680
14681
14682
14683
14684
14685
14690
14691
14693
14694
14696
14697
14698
14699
14700
14701
14702
14703
14705
14706
14707
14708
14710
14711
14712
14713
14714
14715
14716
14717
14718
14719
14722
14723
14724
14725
14726
14727
14728
14729
14730
14731
14734
14735
14736
14737
14739
14740
14741
14742
14743
14744
14745
14746
14747
14748
14751
14752
14753
14754
14755
14756
14757
14758
14759
14760
14765
14766
14768
14769
14770
14771
14772
14773
14774
14775
14777
14778
14780
14781
14782
14783
14784
14785
14786
14787
14788
14789
14791
14792
14794
14795
14796
14797
14798
14799
14800
14801
14802
14803
14805
14806
14808
14809
14810
14811
14812
14813
14814
14815
14816
14817
14819
14820
14822
14823
14824
14825
14826
14827
14828
14829
14830
14831
14833
14834
14836
14837
14839
14840
14841
14842
14843
14844
14845
14846
14848
14849
14850
14851
14853
14854
14855
14856
14857
14858
14859
14860
14861
14862
14865
14866
14867
14868
14869
14870
14871
14872
14873
14874
14877
14878
14879
14880
14882
14883
14884
14885
14886
14887
14888
14889
14890
14891
14894
14895
14896
14897
14898
14899
14900
14901
14902
14903
14908
14909
14911
14912
14914
14915
14916
14917
14918
14919
14920
14921
14923
14924
14925
14926
14928
14929
14930
14931
14932
14933
14934
14935
14936
14937
14940
14941
14942
14943
14944
14945
14946
14947
14948
14949
14952
14953
14954
14955
14957
14958
14959
14960
14961
14962
14963
14964
14965
14966
14969
14970
14971
14972
14973
14974
14975
14976
14977
14978
14983
14984
14986
14987
14989
14990
14991
14992
14993
14994
14995
14996
14998
14999
15000
15001
15003
15004
15005
15006
15007
15008
15009
15010
15011
15012
15015
15016
15017
15018
15019
15020
15021
15022
15023
15024
15027
15028
15029
15030
15032
15033
15034
15035
15036
15037
15038
15039
15040
15041
15044
15045
15046
15047
15048
15049
15050
15051
15052
15053
15058
15059
15061
15062
15064
15065
15066
15067
15068
15069
15070
15071
15073
15074
15075
15076
15078
15079
15080
15081
15082
15083
15084
15085
15086
15087
15090
15091
15092
15093
15094
15095
15096
15097
15098
15099
15102
15103
15104
15105
15107
15108
15109
15110
15111
15112
15113
15114
15115
15116
15119
15120
15121
15122
15123
15124
15125
15126
15127
15128
15133
15134
15136
15137
15138
15139
15140
15141
15142
15143
15145
15146
15148
15149
15150
15151
15152
15153
15154
15155
15156
15157
15159
15160
15162
15163
15164
15165
15166
15167
15168
15169
15170
15171
15173
15174
15176
15177
15178
15179
15180
15181
15182
15183
15184
15185
15187
15188
15190
15191
15192
15193
15194
15195
15196
15197
15198
15199
15201
15202
15204
15205
15207
15208
15209
15210
15211
15212
15213
15214
15216
15217
15218
15219
15221
15222
15223
15224
15225
15226
15227
15228
15229
15230
15233
15234
15235
15236
15237
15238
15239
15240
15241
15242
15245
15246
15247
15248
15250
15251
15252
15253
15254
15255
15256
15257
15258
15259
15262
15263
15264
15265
15266
15267
15268
15269
15270
15271
15276
15277
15279
15280
15282
15283
15284
15285
15286
15287
15288
15289
15291
15292
15293
15294
15296
15297
15298
15299
15300
15301
15302
15303
15304
15305
15308
15309
15310
15311
15312
15313
15314
15315
15316
15317
15320
15321
15322
15323
15325
15326
15327
15328
15329
15330
15331
15332
15333
15334
15337
15338
15339
15340
15341
15342
15343
15344
15345
15346
15351
15352
15354
15355
15357
15358
15359
15360
15361
15362
15363
15364
15366
15367
15368
15369
15371
15372
15373
15374
15375
15376
15377
15378
15379
15380
15383
15384
15385
15386
15387
15388
15389
15390
15391
15392
15395
15396
15397
15398
15400
15401
15402
15403
15404
15405
15406
15407
15408
15409
15412
15413
15414
15415
15416
15417
15418
15419
15420
15421
15426
15427
15429
15430
15432
15433
15434
15435
15436
15437
15438
15439
15441
15442
15443
15444
15446
15447
15448
15449
15450
15451
15452
15453
15454
15455
15458
15459
15460
15461
15462
15463
15464
15465
15466
15467
15470
15471
15472
15473
15475
15476
15477
15478
15479
15480
15481
15482
15483
15484
15487
15488
15489
15490
15491
15492
15493
15494
15495
15496
15501
15502
15504
15505
15506
15507
15508
15509
15510
15511
15513
15514
15516
15517
15518
15519
15520
15521
15522
15523
15525
15526
15528
15529
15530
15531
15532
15533
15534
15535
15537
15538
15540
15541
15543
15544
15545
15546
15547
15548
15550
15551
15552
15553
15554
15555
15556
15557
15558
15559
15563
15564
15565
15566
15567
15568
15569
15570
15571
15572
15575
15576
15578
15579
15580
15581
15582
15583
15584
15585
15587
15588
15590
15591
15592
15593
15594
15595
15596
15597
15599
15600
15602
15603
15604
15605
15606
15607
15608
15609
15611
15612
15614
15615
15617
15618
15619
15620
15621
15622
15624
15625
15626
15627
15628
15629
15630
15631
15632
15633
15637
15638
15639
15640
15641
15642
15643
15644
15645
15646
15649
15650
15652
15653
15654
15655
15656
15657
15658
15659
15661
15662
15664
15665
15666
15667
15668
15669
15670
15671
15673
15674
15676
15677
15678
15679
15680
15681
15682
15683
15685
15686
15688
15689
15691
15692
15693
15694
15695
15696
15698
15699
15700
15701
15702
15703
15704
15705
15708
15709
15710
15711
15712
15713
15714
15715
15717
15718
15720
15721
15722
15723
15724
15725
15726
15727
15729
15730
15732
15733
15734
15735
15736
15737
15738
15739
15741
15742
15744
15745
15746
15747
15748
15749
15750
15751
15753
15754
15756
15757
15759
15760
15761
15762
15763
15764
15766
15767
15768
15769
15770
15771
15772
15773
15776
15777
15778
15779
15780
15781
15782
15783
15785
15786
15788
15789
15790
15791
15793
15794
15796
15797
15798
15799
15801
15802
15804
15805
15806
15807
15809
15810
15812
15813
15815
15816
15817
15818
15819
15820
15822
15823
15824
15825
15828
15829
15830
15831
15833
15834
15836
15837
15839
15840
15842
15843
15845
15846
15847
15848
15849
15850
15853
15854
15856
15857
15859
15860
15862
15863
15865
15866
15868
15869
15871
15872
15873
15874
15876
15877
15879
15880
15882
15883
15886
15887
15889
15890
15891
15892
15894
15895
15897
15898
15900
15901
15903
15904
15906
15907
15909
15910
15912
15913
15916
15917
15919
15920
15922
15923
15925
15926
15928
15929
15931
15932
15934
15935
15936
15937
15939
15940
15942
15943
15945
15946
15947
15948
15950
15951
15952
15953
15954
15955
15957
15958
15960
15961
15964
15965
16192
16193
16196
16197
16199
16200
16202
16203
16205
16206
16208
16209
16211
16212
16214
16215
16217
16218
16220
16221
16223
16224
16226
16227
16229
16230
16232
16233
16235
16236
16238
16239
16241
16242
16244
16245
16247
16248
16250
16251
16253
16254
16256
16257
16259
16260
16262
16263
16265
16266
16268
16269
16271
16272
16274
16275
16277
16278
16280
16281
16283
16284
16286
16287
16289
16290
16292
16293
16295
16296
16298
16299
16301
16302
16304
16305
16307
16308
16310
16311
16313
16314
16316
16317
16319
16320
16322
16323
16325
16326
16328
16329
16657
16658
16660
16661
16664
16665
16667
16668
16670
16671
16673
16674
16677
16678
16680
16681
16683
16684
16686
16687
16690
16691
16693
16694
16696
16697
16699
16700
16703
16704
16706
16707
16709
16710
16712
16713
16716
16717
16719
16720
16722
16723
16725
16726
16729
16730
16732
16733
16735
16736
16738
16739
16742
16743
16745
16746
16748
16749
16751
16752
16755
16756
16758
16759
16761
16762
16764
16765
16768
16769
16771
16772
16774
16775
16777
16778
16781
16782
16784
16785
16787
16788
16790
16791
16794
16795
16797
16798
16800
16801
16803
16804
16807
16808
16810
16811
16813
16814
16816
16817
16820
16821
16823
16824
16826
16827
16829
16830
16833
16834
16836
16837
16839
16840
16842
16843
16846
16847
16849
16850
16852
16853
16855
16856
16859
16860
16862
16863
16865
16866
16868
16869
16872
16873
16875
16876
16878
16879
16881
16882
16885
16886
16888
16889
16891
16892
16894
16895
16898
16899
16901
16902
16904
16905
16907
16908
16911
16912
16914
16915
16917
16918
16920
16921
16924
16925
16927
16928
16930
16931
16933
16934
16937
16938
16940
16941
16943
16944
16946
16947
16950
16951
16953
16954
16956
16957
16959
16960
16963
16964
16966
16967
16969
16970
16972
16973
16976
16977
16979
16980
16982
16983
16985
16986
16989
16990
16992
16993
16995
16996
16998
16999
17002
17003
17005
17006
17008
17009
17011
17012
17015
17016
17018
17019
17021
17022
17024
17025
17028
17029
17031
17032
17034
17035
17037
17038
17041
17042
17044
17045
17047
17048
17050
17051
17054
17055
17057
17058
17060
17061
17063
17064
17067
17068
17070
17071
18622
18623
18625
18626
18629
18630
18632
18633
18635
18636
18638
18639
18642
18643
18645
18646
18648
18649
18651
18652
18655
18656
18658
18659
18661
18662
18664
18665
18668
18669
18671
18672
18674
18675
18677
18678
18681
18682
18684
18685
18687
18688
18689
18690
18691
18692
18694
18695
18697
18698
18700
18701
18703
18704
18706
18707
18709
18710
18712
18713
18715
18716
18718
18719
18720
18721
18724
18725
18727
18728
18730
18731
18734
18735
18737
18738
18741
18742
18744
18745
18747
18748
18750
18751
18752
18753
18755
18756
18757
18758
18760
18761
18762
18763
18765
18766
18767
18768
18770
18771
18772
18773
18775
18776
18777
18778
18780
18781
18783
18784
18785
18786
18789
18790
18793
18794
18795
18796
18799
18800
18801
18802
18804
18805
18807
18808
18809
18810
18813
18814
18817
18818
18819
18820
18823
18824
18825
18826
18828
18829
18830
18831
18833
18834
18836
18837
18838
18839
18842
18843
18846
18847
18848
18849
18852
18853
18854
18855
18857
18858
18860
18861
18862
18863
18866
18867
18870
18871
18872
18873
18876
18877
18878
18879
18881
18882
18883
18884
18888
18889
18890
18891
18895
18896
18897
18898
18900
18901
18902
18903
18907
18908
18909
18910
18914
18915
18916
18917
18919
18920
18921
18922
18926
18927
18928
18929
18933
18934
18936
18937
18939
18940
18942
18943
18944
18945
18946
18947
18948
18949
18951
18952
18954
18955
18956
18957
18959
18960
18962
18963
18965
18966
18967
18968
18969
18970
18973
18974
18976
18977
18980
18981
18983
18984
18986
18987
18989
18990
18992
18993
18995
18996
18998
18999
19001
19002
19004
19005
19007
19008
19010
19011
19013
19014
19016
19017
19019
19020
19022
19023
19025
19026
19028
19029
19030
19031
19032
19033
19037
19038
19041
19042
19044
19045
19047
19048
19050
19051
19052
19053
19054
19055
19057
19058
19059
19060
19062
19063
19065
19066
19068
19069
19071
19072
19074
19075
19078
19079
19081
19082
19084
19085
19087
19088
19090
19091
19093
19094
19095
19096
19099
19100
19102
19103
19105
19106
19108
19109
19112
19113
19115
19116
19118
19119
19121
19122
19124
19125
19128
19129
19131
19132
19134
19135
19137
19138
19140
19141
19143
19144
19146
19147
19149
19150
19152
19153
19155
19156
19158
19159
19161
19162
19164
19165
19167
19168
19170
19171
19174
19175
19177
19178
19180
19181
19182
19183
19184
19185
19187
19188
19189
19190
19192
19193
19194
19195
19197
19198
19199
19200
19202
19203
19205
19206
19208
19209
19210
19211
19215
19216
19218
19219
19222
19223
19225
19226
19227
19228
19229
19230
19233
19234
19236
19237
19239
19240
19241
19242
19243
19244
19245
19246
19248
19249
19250
19251
19253
19254
19255
19256
19258
19259
19260
19261
19263
19264
19265
19266
19268
19269
19271
19272
19273
19274
19275
19276
19278
19279
19281
19282
19283
19284
19285
19286
19288
19289
19291
19292
19293
19294
19295
19296
19298
19299
19301
19302
19303
19304
19305
19306
19308
19309
19311
19312
19314
19315
19317
19318
19320
19321
19323
19324
19326
19327
19329
19330
19332
19333
19335
19336
19338
19339
19341
19342
19343
19344
19345
19346
19348
19349
19350
19351
19353
19354
19356
19357
19359
19360
19362
19363
19365
19366
19367
19368
19369
19370
19372
19373
19374
19375
19377
19378
19380
19381
19383
19384
19386
19387
19389
19390
19391
19392
19393
19394
19396
19397
19398
19399
19401
19402
19404
19405
19407
19408
19410
19411
19413
19414
19415
19416
19417
19418
19420
19421
19422
19423
19425
19426
19428
19429
19431
19432
19434
19435
19437
19438
19440
19441
19443
19444
19446
19447
19449
19450
19452
19453
19455
19456
19458
19459
19461
19462
19464
19465
19467
19468
19470
19471
19473
19474
19476
19477
19479
19480
19482
19483
19486
19487
19489
19490
19492
19493
19495
19496
19498
19499
19501
19502
19504
19505
19507
19508
19510
19511
19513
19514
19515
19516
19520
19521
19523
19524
19526
19527
19528
19529
19530
19531
19535
19536
19538
19539
19541
19542
19544
19545
19547
19548
19550
19551
19553
19554
19556
19557
19559
19560
19562
19563
19565
19566
19568
19569
19571
19572
19575
19576
19578
19579
19581
19582
19584
19585
19587
19588
19590
19591
19593
19594
19596
19597
19599
19600
19602
19603
19605
19606
19608
19609
19611
19612
19614
19615
19617
19618
19620
19621
19623
19624
19626
19627
19629
19630
19633
19634
19637
19638
19641
19642
19645
19646
19648
19649
19651
19652
19653
19654
19655
19656
19660
19661
19662
19663
19664
19665
19666
19667
19668
19669
19670
19671
19672
19673
19674
19675
19676
19677
19678
19679
19680
19681
19682
19683
19684
19685
19686
19687
19688
19689
19690
19691
19692
19693
19694
19695
19696
19697
19698
19699
19700
19701
19702
19703
19704
19705
19706
19707
19708
19709
19710
19711
19712
19713
19714
19715
19716
19717
19718
19719
19721
19722
19724
19725
19899
19900
19903
19904
19906
19907
19909
19910
19912
19913
19915
19916
19918
19919
19921
19922
19924
19925
19927
19928
19930
19931
19933
19934
19936
19937
19939
19940
19942
19943
19945
19946
19948
19949
19951
19952
19954
19955
19957
19958
19960
19961
19963
19964
19966
19967
19969
19970
19972
19973
19975
19976
19978
19979
19981
19982
19984
19985
19987
19988
19990
19991
19993
19994
19996
19997
19999
20000
20002
20003
20005
20006
20008
20009
20011
20012
20014
20015
20017
20018
20020
20021
20023
20024
20026
20027
20029
20030
20032
20033
20035
20036
20280
20281
20283
20284
20287
20288
20290
20291
20293
20294
20296
20297
20300
20301
20303
20304
20306
20307
20309
20310
20313
20314
20316
20317
20319
20320
20322
20323
20326
20327
20329
20330
20332
20333
20335
20336
20339
20340
20342
20343
20344
20345
20348
20349
20351
20352
20355
20356
20358
20359
20360
20361
20364
20365
20367
20368
20371
20372
20374
20375
20376
20377
20380
20381
20383
20384
20387
20388
20390
20391
20392
20393
20396
20397
20399
20400
20403
20404
20406
20407
20408
20409
20412
20413
20415
20416
20419
20420
20422
20423
20424
20425
20428
20429
20431
20432
20435
20436
20438
20439
20440
20441
20444
20445
20447
20448
20451
20452
20454
20455
20456
20457
20460
20461
20463
20464
20467
20468
20470
20471
20473
20474
20476
20477
20478
20479
20482
20483
20485
20486
20489
20490
20493
20494
20496
20497
20500
20501
20503
20504
20506
20507
20510
20511
20514
20515
20517
20518
20520
20521
20523
20524
20526
20527
20528
20529
20530
20531
20535
20536
20538
20539
20541
20542
20544
20545
20547
20548
20550
20551
20553
20554
20556
20557
20559
20560
20562
20563
20565
20566
20568
20569
20570
20571
20574
20575
20577
20578
20579
20580
20583
20584
20586
20587
20588
20589
20592
20593
20595
20596
20597
20598
20601
20602
20604
20605
20607
20608
20609
20610
20611
20612
20614
20615
20617
20618
20621
20622
20710
20711
20713
20714
20716
20717
20720
20721
20723
20724
20726
20727
20730
20731
20733
20734
20736
20737
20740
20741
20743
20744
20746
20747
20750
20751
20753
20754
20756
20757
20760
20761
20763
20764
20765
20766
20769
20770
20772
20773
20774
20775
20778
20779
20781
20782
20783
20784
20787
20788
20790
20791
20792
20793
20796
20797
20799
20800
20801
20802
20805
20806
20808
20809
20810
20811
20814
20815
20817
20818
20819
20820
20823
20824
20826
20827
20828
20829
20832
20833
20835
20836
20837
20838
20841
20842
20844
20845
20846
20847
20850
20851
20853
20854
20855
20856
20859
20860
20862
20863
20864
20865
20868
20869
20871
20872
20873
20874
20877
20878
20880
20881
20882
20883
20886
20887
20889
20890
20891
20892
20895
20896
20898
20899
20900
20901
20904
20905
20907
20908
20909
20910
20913
20914
20916
20917
20918
20919
20922
20923
20925
20926
20927
20928
20931
20932
20934
20935
20936
20937
20940
20941
20943
20944
20945
20946
20949
20950
20952
20953
20954
20955
20958
20959
20961
20962
20963
20964
20967
20968
20970
20971
20972
20973
20976
20977
20979
20980
20981
20982
20985
20986
20988
20989
20990
20991
20994
20995
20997
20998
20999
21000
21003
21004
21006
21007
21008
21009
21012
21013
21015
21016
21017
21018
21021
21022
21024
21025
21026
21027
21030
21031
21033
21034
21035
21036
21039
21040
21042
21043
21044
21045
21048
21049
21051
21052
21053
21054
21057
21058
21060
21061
21062
21063
21066
21067
21069
21070
21071
21072
21075
21076
21078
21079
21080
21081
21084
21085
21087
21088
21090
21091
21093
21094
21096
21097
21099
21100
21102
21103
21105
21106
21108
21109
21111
21112
21114
21115
21117
21118
21120
21121
21123
21124
21126
21127
21129
21130
21132
21133
21135
21136
21139
21140
21142
21143
23598
23599
23601
23602
23603
23604
23605
23606
23607
23608
23610
23611
23613
23614
23615
23616
23617
23618
23619
23620
23621
23622
23624
23625
23627
23628
23629
23630
23631
23632
23633
23634
23635
23636
23638
23639
23641
23642
23643
23644
23645
23646
23647
23648
23649
23650
23652
23653
23655
23656
23657
23658
23659
23660
23661
23662
23663
23664
23666
23667
23669
23670
23672
23673
23674
23675
23676
23677
23678
23679
23681
23682
23683
23684
23686
23687
23688
23689
23690
23691
23692
23693
23694
23695
23698
23699
23700
23701
23702
23703
23704
23705
23706
23707
23710
23711
23712
23713
23715
23716
23717
23718
23719
23720
23721
23722
23723
23724
23727
23728
23729
23730
23731
23732
23733
23734
23735
23736
23741
23742
23744
23745
23747
23748
23749
23750
23751
23752
23753
23754
23756
23757
23758
23759
23761
23762
23763
23764
23765
23766
23767
23768
23769
23770
23773
23774
23775
23776
23777
23778
23779
23780
23781
23782
23785
23786
23787
23788
23790
23791
23792
23793
23794
23795
23796
23797
23798
23799
23802
23803
23804
23805
23806
23807
23808
23809
23810
23811
23816
23817
23819
23820
23822
23823
23824
23825
23826
23827
23828
23829
23831
23832
23833
23834
23836
23837
23838
23839
23840
23841
23842
23843
23844
23845
23848
23849
23850
23851
23852
23853
23854
23855
23856
23857
23860
23861
23862
23863
23865
23866
23867
23868
23869
23870
23871
23872
23873
23874
23877
23878
23879
23880
23881
23882
23883
23884
23885
23886
23891
23892
23894
23895
23897
23898
23899
23900
23901
23902
23903
23904
23906
23907
23908
23909
23911
23912
23913
23914
23915
23916
23917
23918
23919
23920
23923
23924
23925
23926
23927
23928
23929
23930
23931
23932
23935
23936
23937
23938
23940
23941
23942
23943
23944
23945
23946
23947
23948
23949
23952
23953
23954
23955
23956
23957
23958
23959
23960
23961
23966
23967
23969
23970
23971
23972
23973
23974
23975
23976
23978
23979
23981
23982
23983
23984
23985
23986
23987
23988
23989
23990
23992
23993
23995
23996
23997
23998
23999
24000
24001
24002
24003
24004
24006
24007
24009
24010
24011
24012
24013
24014
24015
24016
24017
24018
24020
24021
24023
24024
24025
24026
24027
24028
24029
24030
24031
24032
24034
24035
24037
24038
24040
24041
24042
24043
24044
24045
24046
24047
24049
24050
24051
24052
24054
24055
24056
24057
24058
24059
24060
24061
24062
24063
24066
24067
24068
24069
24070
24071
24072
24073
24074
24075
24078
24079
24080
24081
24083
24084
24085
24086
24087
24088
24089
24090
24091
24092
24095
24096
24097
24098
24099
24100
24101
24102
24103
24104
24109
24110
24112
24113
24115
24116
24117
24118
24119
24120
24121
24122
24124
24125
24126
24127
24129
24130
24131
24132
24133
24134
24135
24136
24137
24138
24141
24142
24143
24144
24145
24146
24147
24148
24149
24150
24153
24154
24155
24156
24158
24159
24160
24161
24162
24163
24164
24165
24166
24167
24170
24171
24172
24173
24174
24175
24176
24177
24178
24179
24184
24185
24187
24188
24190
24191
24192
24193
24194
24195
24196
24197
24199
24200
24201
24202
24204
24205
24206
24207
24208
24209
24210
24211
24212
24213
24216
24217
24218
24219
24220
24221
24222
24223
24224
24225
24228
24229
24230
24231
24233
24234
24235
24236
24237
24238
24239
24240
24241
24242
24245
24246
24247
24248
24249
24250
24251
24252
24253
24254
24259
24260
24262
24263
24265
24266
24267
24268
24269
24270
24271
24272
24274
24275
24276
24277
24279
24280
24281
24282
24283
24284
24285
24286
24287
24288
24291
24292
24293
24294
24295
24296
24297
24298
24299
24300
24303
24304
24305
24306
24308
24309
24310
24311
24312
24313
24314
24315
24316
24317
24320
24321
24322
24323
24324
24325
24326
24327
24328
24329
24334
24335
24337
24338
24339
24340
24341
24342
24343
24344
24346
24347
24349
24350
24351
24352
24353
24354
24355
24356
24357
24358
24360
24361
24363
24364
24365
24366
24367
24368
24369
24370
24371
24372
24374
24375
24377
24378
24379
24380
24381
24382
24383
24384
24385
24386
24388
24389
24391
24392
24393
24394
24395
24396
24397
24398
24399
24400
24402
24403
24405
24406
24408
24409
24410
24411
24412
24413
24414
24415
24417
24418
24419
24420
24422
24423
24424
24425
24426
24427
24428
24429
24430
24431
24434
24435
24436
24437
24438
24439
24440
24441
24442
24443
24446
24447
24448
24449
24451
24452
24453
24454
24455
24456
24457
24458
24459
24460
24463
24464
24465
24466
24467
24468
24469
24470
24471
24472
24477
24478
24480
24481
24483
24484
24485
24486
24487
24488
24489
24490
24492
24493
24494
24495
24497
24498
24499
24500
24501
24502
24503
24504
24505
24506
24509
24510
24511
24512
24513
24514
24515
24516
24517
24518
24521
24522
24523
24524
24526
24527
24528
24529
24530
24531
24532
24533
24534
24535
24538
24539
24540
24541
24542
24543
24544
24545
24546
24547
24552
24553
24555
24556
24558
24559
24560
24561
24562
24563
24564
24565
24567
24568
24569
24570
24572
24573
24574
24575
24576
24577
24578
24579
24580
24581
24584
24585
24586
24587
24588
24589
24590
24591
24592
24593
24596
24597
24598
24599
24601
24602
24603
24604
24605
24606
24607
24608
24609
24610
24613
24614
24615
24616
24617
24618
24619
24620
24621
24622
24627
24628
24630
24631
24633
24634
24635
24636
24637
24638
24639
24640
24642
24643
24644
24645
24647
24648
24649
24650
24651
24652
24653
24654
24655
24656
24659
24660
24661
24662
24663
24664
24665
24666
24667
24668
24671
24672
24673
24674
24676
24677
24678
24679
24680
24681
24682
24683
24684
24685
24688
24689
24690
24691
24692
24693
24694
24695
24696
24697
24702
24703
24705
24706
24707
24708
24709
24710
24711
24712
24714
24715
24717
24718
24719
24720
24721
24722
24723
24724
24725
24726
24728
24729
24731
24732
24733
24734
24735
24736
24737
24738
24739
24740
24742
24743
24745
24746
24747
24748
24749
24750
24751
24752
24753
24754
24756
24757
24759
24760
24761
24762
24763
24764
24765
24766
24767
24768
24770
24771
24773
24774
24776
24777
24778
24779
24780
24781
24782
24783
24785
24786
24787
24788
24790
24791
24792
24793
24794
24795
24796
24797
24798
24799
24802
24803
24804
24805
24806
24807
24808
24809
24810
24811
24814
24815
24816
24817
24819
24820
24821
24822
24823
24824
24825
24826
24827
24828
24831
24832
24833
24834
24835
24836
24837
24838
24839
24840
24845
24846
24848
24849
24851
24852
24853
24854
24855
24856
24857
24858
24860
24861
24862
24863
24865
24866
24867
24868
24869
24870
24871
24872
24873
24874
24877
24878
24879
24880
24881
24882
24883
24884
24885
24886
24889
24890
24891
24892
24894
24895
24896
24897
24898
24899
24900
24901
24902
24903
24906
24907
24908
24909
24910
24911
24912
24913
24914
24915
24920
24921
24923
24924
24926
24927
24928
24929
24930
24931
24932
24933
24935
24936
24937
24938
24940
24941
24942
24943
24944
24945
24946
24947
24948
24949
24952
24953
24954
24955
24956
24957
24958
24959
24960
24961
24964
24965
24966
24967
24969
24970
24971
24972
24973
24974
24975
24976
24977
24978
24981
24982
24983
24984
24985
24986
24987
24988
24989
24990
24995
24996
24998
24999
25001
25002
25003
25004
25005
25006
25007
25008
25010
25011
25012
25013
25015
25016
25017
25018
25019
25020
25021
25022
25023
25024
25027
25028
25029
25030
25031
25032
25033
25034
25035
25036
25039
25040
25041
25042
25044
25045
25046
25047
25048
25049
25050
25051
25052
25053
25056
25057
25058
25059
25060
25061
25062
25063
25064
25065
25070
25071
25073
25074
25075
25076
25077
25078
25079
25080
25082
25083
25085
25086
25087
25088
25089
25090
25091
25092
25093
25094
25096
25097
25099
25100
25101
25102
25103
25104
25105
25106
25107
25108
25110
25111
25113
25114
25115
25116
25117
25118
25119
25120
25121
25122
25124
25125
25127
25128
25129
25130
25131
25132
25133
25134
25135
25136
25138
25139
25141
25142
25144
25145
25146
25147
25148
25149
25150
25151
25153
25154
25155
25156
25158
25159
25160
25161
25162
25163
25164
25165
25166
25167
25170
25171
25172
25173
25174
25175
25176
25177
25178
25179
25182
25183
25184
25185
25187
25188
25189
25190
25191
25192
25193
25194
25195
25196
25199
25200
25201
25202
25203
25204
25205
25206
25207
25208
25213
25214
25216
25217
25219
25220
25221
25222
25223
25224
25225
25226
25228
25229
25230
25231
25233
25234
25235
25236
25237
25238
25239
25240
25241
25242
25245
25246
25247
25248
25249
25250
25251
25252
25253
25254
25257
25258
25259
25260
25262
25263
25264
25265
25266
25267
25268
25269
25270
25271
25274
25275
25276
25277
25278
25279
25280
25281
25282
25283
25288
25289
25291
25292
25294
25295
25296
25297
25298
25299
25300
25301
25303
25304
25305
25306
25308
25309
25310
25311
25312
25313
25314
25315
25316
25317
25320
25321
25322
25323
25324
25325
25326
25327
25328
25329
25332
25333
25334
25335
25337
25338
25339
25340
25341
25342
25343
25344
25345
25346
25349
25350
25351
25352
25353
25354
25355
25356
25357
25358
25363
25364
25366
25367
25369
25370
25371
25372
25373
25374
25375
25376
25378
25379
25380
25381
25383
25384
25385
25386
25387
25388
25389
25390
25391
25392
25395
25396
25397
25398
25399
25400
25401
25402
25403
25404
25407
25408
25409
25410
25412
25413
25414
25415
25416
25417
25418
25419
25420
25421
25424
25425
25426
25427
25428
25429
25430
25431
25432
25433
25438
25439
25441
25442
25443
25444
25445
25446
25447
25448
25450
25451
25453
25454
25455
25456
25457
25458
25459
25460
25461
25462
25464
25465
25467
25468
25469
25470
25471
25472
25473
25474
25475
25476
25478
25479
25481
25482
25483
25484
25485
25486
25487
25488
25489
25490
25492
25493
25495
25496
25497
25498
25499
25500
25501
25502
25503
25504
25506
25507
25509
25510
25512
25513
25514
25515
25516
25517
25518
25519
25521
25522
25523
25524
25526
25527
25528
25529
25530
25531
25532
25533
25534
25535
25538
25539
25540
25541
25542
25543
25544
25545
25546
25547
25550
25551
25552
25553
25555
25556
25557
25558
25559
25560
25561
25562
25563
25564
25567
25568
25569
25570
25571
25572
25573
25574
25575
25576
25581
25582
25584
25585
25587
25588
25589
25590
25591
25592
25593
25594
25596
25597
25598
25599
25601
25602
25603
25604
25605
25606
25607
25608
25609
25610
25613
25614
25615
25616
25617
25618
25619
25620
25621
25622
25625
25626
25627
25628
25630
25631
25632
25633
25634
25635
25636
25637
25638
25639
25642
25643
25644
25645
25646
25647
25648
25649
25650
25651
25656
25657
25659
25660
25662
25663
25664
25665
25666
25667
25668
25669
25671
25672
25673
25674
25676
25677
25678
25679
25680
25681
25682
25683
25684
25685
25688
25689
25690
25691
25692
25693
25694
25695
25696
25697
25700
25701
25702
25703
25705
25706
25707
25708
25709
25710
25711
25712
25713
25714
25717
25718
25719
25720
25721
25722
25723
25724
25725
25726
25731
25732
25734
25735
25737
25738
25739
25740
25741
25742
25743
25744
25746
25747
25748
25749
25751
25752
25753
25754
25755
25756
25757
25758
25759
25760
25763
25764
25765
25766
25767
25768
25769
25770
25771
25772
25775
25776
25777
25778
25780
25781
25782
25783
25784
25785
25786
25787
25788
25789
25792
25793
25794
25795
25796
25797
25798
25799
25800
25801
25806
25807
25809
25810
25811
25812
25813
25814
25815
25816
25818
25819
25821
25822
25823
25824
25825
25826
25827
25828
25829
25830
25832
25833
25835
25836
25837
25838
25839
25840
25841
25842
25843
25844
25846
25847
25849
25850
25851
25852
25853
25854
25855
25856
25857
25858
25860
25861
25863
25864
25865
25866
25867
25868
25869
25870
25871
25872
25874
25875
25877
25878
25880
25881
25882
25883
25884
25885
25886
25887
25889
25890
25891
25892
25894
25895
25896
25897
25898
25899
25900
25901
25902
25903
25906
25907
25908
25909
25910
25911
25912
25913
25914
25915
25918
25919
25920
25921
25923
25924
25925
25926
25927
25928
25929
25930
25931
25932
25935
25936
25937
25938
25939
25940
25941
25942
25943
25944
25949
25950
25952
25953
25955
25956
25957
25958
25959
25960
25961
25962
25964
25965
25966
25967
25969
25970
25971
25972
25973
25974
25975
25976
25977
25978
25981
25982
25983
25984
25985
25986
25987
25988
25989
25990
25993
25994
25995
25996
25998
25999
26000
26001
26002
26003
26004
26005
26006
26007
26010
26011
26012
26013
26014
26015
26016
26017
26018
26019
26024
26025
26027
26028
26030
26031
26032
26033
26034
26035
26036
26037
26039
26040
26041
26042
26044
26045
26046
26047
26048
26049
26050
26051
26052
26053
26056
26057
26058
26059
26060
26061
26062
26063
26064
26065
26068
26069
26070
26071
26073
26074
26075
26076
26077
26078
26079
26080
26081
26082
26085
26086
26087
26088
26089
26090
26091
26092
26093
26094
26099
26100
26102
26103
26105
26106
26107
26108
26109
26110
26111
26112
26114
26115
26116
26117
26119
26120
26121
26122
26123
26124
26125
26126
26127
26128
26131
26132
26133
26134
26135
26136
26137
26138
26139
26140
26143
26144
26145
26146
26148
26149
26150
26151
26152
26153
26154
26155
26156
26157
26160
26161
26162
26163
26164
26165
26166
26167
26168
26169
26174
26175
26177
26178
26179
26180
26181
26182
26183
26184
26186
26187
26189
26190
26191
26192
26193
26194
26195
26196
26197
26198
26200
26201
26203
26204
26205
26206
26207
26208
26209
26210
26211
26212
26214
26215
26217
26218
26219
26220
26221
26222
26223
26224
26225
26226
26228
26229
26231
26232
26233
26234
26235
26236
26237
26238
26239
26240
26242
26243
26245
26246
26248
26249
26250
26251
26252
26253
26254
26255
26257
26258
26259
26260
26262
26263
26264
26265
26266
26267
26268
26269
26270
26271
26274
26275
26276
26277
26278
26279
26280
26281
26282
26283
26286
26287
26288
26289
26291
26292
26293
26294
26295
26296
26297
26298
26299
26300
26303
26304
26305
26306
26307
26308
26309
26310
26311
26312
26317
26318
26320
26321
26323
26324
26325
26326
26327
26328
26329
26330
26332
26333
26334
26335
26337
26338
26339
26340
26341
26342
26343
26344
26345
26346
26349
26350
26351
26352
26353
26354
26355
26356
26357
26358
26361
26362
26363
26364
26366
26367
26368
26369
26370
26371
26372
26373
26374
26375
26378
26379
26380
26381
26382
26383
26384
26385
26386
26387
26392
26393
26395
26396
26398
26399
26400
26401
26402
26403
26404
26405
26407
26408
26409
26410
26412
26413
26414
26415
26416
26417
26418
26419
26420
26421
26424
26425
26426
26427
26428
26429
26430
26431
26432
26433
26436
26437
26438
26439
26441
26442
26443
26444
26445
26446
26447
26448
26449
26450
26453
26454
26455
26456
26457
26458
26459
26460
26461
26462
26467
26468
26470
26471
26473
26474
26475
26476
26477
26478
26479
26480
26482
26483
26484
26485
26487
26488
26489
26490
26491
26492
26493
26494
26495
26496
26499
26500
26501
26502
26503
26504
26505
26506
26507
26508
26511
26512
26513
26514
26516
26517
26518
26519
26520
26521
26522
26523
26524
26525
26528
26529
26530
26531
26532
26533
26534
26535
26536
26537
26542
26543
26545
26546
26547
26548
26549
26550
26551
26552
26554
26555
26557
26558
26559
26560
26561
26562
26563
26564
26566
26567
26569
26570
26571
26572
26573
26574
26575
26576
26578
26579
26581
26582
26584
26585
26586
26587
26588
26589
26591
26592
26593
26594
26595
26596
26597
26598
26599
26600
26604
26605
26606
26607
26608
26609
26610
26611
26612
26613
26616
26617
26619
26620
26621
26622
26623
26624
26625
26626
26628
26629
26631
26632
26633
26634
26635
26636
26637
26638
26640
26641
26643
26644
26645
26646
26647
26648
26649
26650
26652
26653
26655
26656
26658
26659
26660
26661
26662
26663
26665
26666
26667
26668
26669
26670
26671
26672
26673
26674
26678
26679
26680
26681
26682
26683
26684
26685
26686
26687
26690
26691
26693
26694
26695
26696
26697
26698
26699
26700
26702
26703
26705
26706
26707
26708
26709
26710
26711
26712
26714
26715
26717
26718
26719
26720
26721
26722
26723
26724
26726
26727
26729
26730
26732
26733
26734
26735
26736
26737
26739
26740
26741
26742
26743
26744
26745
26746
26749
26750
26751
26752
26753
26754
26755
26756
26758
26759
26761
26762
26763
26764
26765
26766
26767
26768
26770
26771
26773
26774
26775
26776
26777
26778
26779
26780
26782
26783
26785
26786
26787
26788
26789
26790
26791
26792
26794
26795
26797
26798
26800
26801
26802
26803
26804
26805
26807
26808
26809
26810
26811
26812
26813
26814
26817
26818
26819
26820
26821
26822
26823
26824
26826
26827
26829
26830
26831
26832
26834
26835
26837
26838
26839
26840
26842
26843
26845
26846
26847
26848
26850
26851
26853
26854
26856
26857
26858
26859
26860
26861
26863
26864
26865
26866
26869
26870
26871
26872
26874
26875
26877
26878
26880
26881
26883
26884
26886
26887
26888
26889
26891
26892
26893
26894
26897
26898
26900
26901
26903
26904
26906
26907
26909
26910
26912
26913
26915
26916
26917
26918
26920
26921
26923
26924
26926
26927
26930
26931
26933
26934
26935
26936
26938
26939
26941
26942
26944
26945
26947
26948
26950
26951
26953
26954
26956
26957
26960
26961
26963
26964
26966
26967
26969
26970
26972
26973
26975
26976
26978
26979
26980
26981
26983
26984
26986
26987
26989
26990
26991
26992
26994
26995
26996
26997
26998
26999
27001
27002
27004
27005
27008
27009
28146
28147
28149
28150
28152
28153
28154
28155
28157
28158
28160
28161
28162
28163
28165
28166
28168
28169
28170
28171
28173
28174
28176
28177
28178
28179
28181
28182
28184
28185
28186
28187
28189
28190
28192
28193
28194
28195
28197
28198
28200
28201
28202
28203
28205
28206
28208
28209
28210
28211
28213
28214
28216
28217
28218
28219
28221
28222
28224
28225
28226
28227
28229
28230
28232
28233
28234
28235
28237
28238
28240
28241
28242
28243
28245
28246
28248
28249
28250
28251
28253
28254
28256
28257
28258
28259
28261
28262
28264
28265
28266
28267
28269
28270
28272
28273
28274
28275
28277
28278
28280
28281
28282
28283
28285
28286
28288
28289
28290
28291
28293
28294
28296
28297
28298
28299
28301
28302
28304
28305
28306
28307
28309
28310
28312
28313
28314
28315
28317
28318
28320
28321
28322
28323
28325
28326
28328
28329
28330
28331
28333
28334
28336
28337
28338
28339
28341
28342
28344
28345
28346
28347
28349
28350
28352
28353
28354
28355
28357
28358
28360
28361
28362
28363
28365
28366
28368
28369
28370
28371
28373
28374
28376
28377
28378
28379
28381
28382
28384
28385
28386
28387
28389
28390
28392
28393
28394
28395
28397
28398
28400
28401
28402
28403
28405
28406
28408
28409
28410
28411
28413
28414
28416
28417
28418
28419
28421
28422
28424
28425
28426
28427
28429
28430
28432
28433
28434
28435
28437
28438
28440
28441
28442
28443
28445
28446
28448
28449
28450
28451
28453
28454
28456
28457
28458
28459
28461
28462
28464
28465
28466
28467
28469
28470
28472
28473
28474
28475
28477
28478
28480
28481
28482
28483
28485
28486
28488
28489
28490
28491
28493
28494
28496
28497
28498
28499
28501
28502
28504
28505
28506
28507
28509
28510
28512
28513
28514
28515
28517
28518
28520
28521
28522
28523
28525
28526
28528
28529
28530
28531
28533
28534
28536
28537
28538
28539
28541
28542
28544
28545
28546
28547
28549
28550
28552
28553
28554
28555
28557
28558
28560
28561
28562
28563
28565
28566
28568
28569
28570
28571
28573
28574
28576
28577
28578
28579
28581
28582
28584
28585
28586
28587
28589
28590
28592
28593
28594
28595
28597
28598
28600
28601
28602
28603
28605
28606
28608
28609
28610
28611
28613
28614
28616
28617
28618
28619
28621
28622
28624
28625
28626
28627
28629
28630
28632
28633
28634
28635
28637
28638
28640
28641
28642
28643
28645
28646
28648
28649
28650
28651
28653
28654
28656
28657
28658
28659
28661
28662
28664
28665
28666
28667
28669
28670
28672
28673
28674
28675
28677
28678
28680
28681
28682
28683
28685
28686
28688
28689
28690
28691
28693
28694
28696
28697
28698
28699
28701
28702
28704
28705
28706
28707
28709
28710
28712
28713
28714
28715
28717
28718
28720
28721
28722
28723
28725
28726
28728
28729
28730
28731
28733
28734
28736
28737
28738
28739
28741
28742
28744
28745
28746
28747
28749
28750
28752
28753
28754
28755
28757
28758
28760
28761
28762
28763
28765
28766
28768
28769
28770
28771
28773
28774
28776
28777
28778
28779
28781
28782
28784
28785
28786
28787
28789
28790
28792
28793
28794
28795
28797
28798
28800
28801
28802
28803
28805
28806
28808
28809
28810
28811
28813
28814
28816
28817
28818
28819
28821
28822
28824
28825
28826
28827
28829
28830
28832
28833
28834
28835
28837
28838
28840
28841
28842
28843
28845
28846
28848
28849
28850
28851
28853
28854
28856
28857
28858
28859
28861
28862
28864
28865
28866
28867
28869
28870
28872
28873
28874
28875
28877
28878
28880
28881
28882
28883
28885
28886
28888
28889
28890
28891
28893
28894
28896
28897
28898
28899
28901
28902
28904
28905
28906
28907
28909
28910
28912
28913
28914
28915
28917
28918
28920
28921
28922
28923
28925
28926
28928
28929
28930
28931
28933
28934
28936
28937
28938
28939
28941
28942
28944
28945
28946
28947
28949
28950
28952
28953
28954
28955
28957
28958
28960
28961
28962
28963
28965
28966
28968
28969
28970
28971
28973
28974
28976
28977
28978
28979
28981
28982
28984
28985
28986
28987
28989
28990
28992
28993
28994
28995
28997
28998
29000
29001
29002
29003
29005
29006
29008
29009
29010
29011
29013
29014
29016
29017
29018
29019
29021
29022
29024
29025
29026
29027
29029
29030
29032
29033
29034
29035
29037
29038
29040
29041
29042
29043
29045
29046
29048
29049
29050
29051
29052
29053
29056
29057
29059
29060
29061
29062
29063
29064
29067
29068
29070
29071
29072
29073
29074
29075
29078
29079
29081
29082
29083
29084
29085
29086
29089
29090
29092
29093
29094
29095
29096
29097
29100
29101
29103
29104
29105
29106
29107
29108
29111
29112
29114
29115
29118
29119
29121
29122
29125
29126
29128
29129
29130
29131
29133
29134
29136
29137
29138
29139
29141
29142
29144
29145
29146
29147
29149
29150
29152
29153
29154
29155
29157
29158
29160
29161
29162
29163
29165
29166
29168
29169
29170
29171
29173
29174
29176
29177
29178
29179
29181
29182
29184
29185
29186
29187
29189
29190
29192
29193
29194
29195
29197
29198
29200
29201
29202
29203
29205
29206
29208
29209
29210
29211
29213
29214
29216
29217
29218
29219
29221
29222
29224
29225
29226
29227
29229
29230
29232
29233
29234
29235
29237
29238
29240
29241
29242
29243
29245
29246
29248
29249
29250
29251
29253
29254
29256
29257
29258
29259
29261
29262
29264
29265
29266
29267
29269
29270
29272
29273
29274
29275
29277
29278
29280
29281
29282
29283
29285
29286
29288
29289
29290
29291
29293
29294
29296
29297
29298
29299
29301
29302
29304
29305
29306
29307
29309
29310
29312
29313
29314
29315
29317
29318
29320
29321
29322
29323
29325
29326
29328
29329
29330
29331
29333
29334
29336
29337
29338
29339
29341
29342
29344
29345
29346
29347
29349
29350
29352
29353
29354
29355
29357
29358
29360
29361
29362
29363
29365
29366
29368
29369
29370
29371
29373
29374
29376
29377
29378
29379
29381
29382
29384
29385
29386
29387
29389
29390
29392
29393
29394
29395
29397
29398
29400
29401
29402
29403
29405
29406
29408
29409
29410
29411
29413
29414
29416
29417
29418
29419
29421
29422
29424
29425
29426
29427
29429
29430
29432
29433
29434
29435
29437
29438
29440
29441
29442
29443
29445
29446
29448
29449
29450
29451
29453
29454
29456
29457
29458
29459
29461
29462
29464
29465
29466
29467
29469
29470
29472
29473
29474
29475
29477
29478
29480
29481
29482
29483
29485
29486
29488
29489
29490
29491
29493
29494
29496
29497
29498
29499
29501
29502
29504
29505
29506
29507
29509
29510
29512
29513
29514
29515
29517
29518
29520
29521
29522
29523
29525
29526
29528
29529
29530
29531
29533
29534
29536
29537
29538
29539
29541
29542
29544
29545
29546
29547
29549
29550
29552
29553
29554
29555
29557
29558
29560
29561
29562
29563
29565
29566
29568
29569
29570
29571
29573
29574
29576
29577
29580
29581
29583
29584
29586
29587
29589
29590
29592
29593
29595
29596
29598
29599
29601
29602
29604
29605
29607
29608
29610
29611
29613
29614
29616
29617
29618
29619
29622
29623
29625
29626
29628
29629
29631
29632
29634
29635
29638
29639
29641
29642
29644
29645
29647
29648
29650
29651
29653
29654
29656
29657
29658
29659
29660
29661
29663
29664
29666
29667
29669
29670
29672
29673
29675
29676
29678
29679
29681
29682
29684
29685
29687
29688
29690
29691
29692
29693
29694
29695
29697
29698
29699
29700
29702
29703
29705
29706
29708
29709
29710
29711
29712
29713
29716
29717
29718
29719
29720
29721
29724
29725
29727
29728
29729
29730
29731
29732
29734
29735
29737
29738
29739
29740
29741
29742
29744
29745
29747
29748
29749
29750
29751
29752
29754
29755
29757
29758
29759
29760
29761
29762
29764
29765
29767
29768
29769
29770
29771
29772
29774
29775
29777
29778
29779
29780
29781
29782
29785
29786
29788
29789
30332
30333
30336
30337
30339
30340
30343
30344
30347
30348
30350
30351
30353
30354
30357
30358
30360
30361
30363
30364
30366
30367
30369
30370
30372
30373
30375
30376
30378
30379
30381
30382
30384
30385
30387
30388
30390
30391
30393
30394
30396
30397
30399
30400
30402
30403
30405
30406
30408
30409
30411
30412
30414
30415
30417
30418
30420
30421
30423
30424
30426
30427
30429
30430
30432
30433
30435
30436
30438
30439
30441
30442
30444
30445
30447
30448
30450
30451
30453
30454
30455
30456
30458
30459
30461
30462
30464
30465
30467
30468
30469
30470
30474
30475
30478
30479
30482
30483
30484
30485
30486
30487
30488
30489
30490
30491
30492
30493
30494
30495
30496
30497
30498
30499
30501
30502
30504
30505
31320
31321
31323
31324
31326
31327
31329
31330
31332
31333
31335
31336
31338
31339
31341
31342
31344
31345
31347
31348
31350
31351
31353
31354
31356
31357
31359
31360
31362
31363
31365
31366
31368
31369
31371
31372
31374
31375
31377
31378
31380
31381
31383
31384
31386
31387
31389
31390
31392
31393
31395
31396
31398
31399
31401
31402
31404
31405
31407
31408
31410
31411
31413
31414
31416
31417
31419
31420
31422
31423
31425
31426
31428
31429
31431
31432
31434
31435
31438
31439
31441
31442
31445
31446
31448
31449
31451
31452
31454
31455
31457
31458
31460
31461
31463
31464
31466
31467
31469
31470
31472
31473
31475
31476
31478
31479
31481
31482
31484
31485
31487
31488
31490
31491
31493
31494
31496
31497
31500
31501
31503
31504
31507
31508
31542
31543
31546
31547
31549
31550
31552
31553
31555
31556
31558
31559
31561
31562
31564
31565
31567
31568
31569
31570
31573
31574
31576
31577
31578
31579
31582
31583
32037
32038
32040
32041
32043
32044
32046
32047
32049
32050
32052
32053
32055
32056
32058
32059
32061
32062
32064
32065
32067
32068
32070
32071
32073
32074
32076
32077
32079
32080
32082
32083
32086
32087
32089
32090
32598
32599
32601
32602
32605
32606
32608
32609
32611
32612
32614
32615
32617
32618
32620
32621
32623
32624
32626
32627
32629
32630
32632
32633
32635
32636
32638
32639
32640
32641
32642
32643
32644
32645
32649
32650
32653
32654
32656
32657
32658
32659
32660
32661
32666
32667
32669
32670
32673
32674
32946
32947
32949
32950
32953
32954
32956
32957
32959
32960
32962
32963
32965
32966
32968
32969
32971
32972
32974
32975
32977
32978
32980
32981
32983
32984
32986
32987
32989
32990
32992
32993
32994
32995
32996
32997
32999
33000
33002
33003
33004
33005
33008
33009
33010
33011
33013
33014
33018
33019
33021
33022
33023
33024
33027
33028
33029
33030
33032
33033
33037
33038
33040
33041
33042
33043
33044
33045
33047
33048
33050
33051
33054
33055
33057
33058
33062
33063
33065
33066
33069
33070
33827
33828
33830
33831
33833
33834
33836
33837
33839
33840
33842
33843
33845
33846
33848
33849
33851
33852
33854
33855
33857
33858
33860
33861
33863
33864
33866
33867
33869
33870
33872
33873
33875
33876
33878
33879
33881
33882
33884
33885
33887
33888
33890
33891
33893
33894
33896
33897
33899
33900
33902
33903
33905
33906
33908
33909
33911
33912
33914
33915
33917
33918
33920
33921
33923
33924
33926
33927
33929
33930
33932
33933
33935
33936
33938
33939
33941
33942
33945
33946
33948
33949
33952
33953
33955
33956
33958
33959
33961
33962
33964
33965
33967
33968
33970
33971
33973
33974
33976
33977
33979
33980
33982
33983
33985
33986
33988
33989
33991
33992
33994
33995
33997
33998
34000
34001
34003
34004
34006
34007
34009
34010
34014
34015
34017
34018
34021
34022
34060
34061
34064
34065
34067
34068
34070
34071
34073
34074
34076
34077
34079
34080
34082
34083
34085
34086
34087
34088
34091
34092
34094
34095
34096
34097
34100
34101
34103
34104
34105
34106
34109
34110
34112
34113
34115
34116
34297
34298
34300
34301
34303
34304
34306
34307
34309
34310
34312
34313
34315
34316
34317
34318
34321
34322
34324
34325
34326
34327
34330
34331
34333
34334
34335
34336
34339
34340
34342
34343
34344
34345
34348
34349
34351
34352
34354
34355
34357
34358
34359
34360
34363
34364
34366
34367
34369
34370
34372
34373
34375
34376
34379
34380
34382
34383
34385
34386
34388
34389
34392
34393
34395
34396
34477
34478
34735
34736
34917
34918
34920
34921
34923
34924
34926
34927
34929
34930
34932
34933
34935
34936
34937
34938
34941
34942
34944
34945
34946
34947
34950
34951
34953
34954
34955
34956
34959
34960
34962
34963
34964
34965
34968
34969
34971
34972
34974
34975
34977
34978
34979
34980
34983
34984
34986
34987
34989
34990
34992
34993
34995
34996
34999
35000
35002
35003
35005
35006
35008
35009
35012
35013
35015
35016
35097
35098
35388
35389
36038
36039
36041
36042
36044
36045
36047
36048
36051
36052
36054
36055
36057
36058
36060
36061
36063
36064
36066
36067
36069
36070
36072
36073
36075
36076
36078
36079
36081
36082
36084
36085
36087
36088
36090
36091
36093
36094
36096
36097
36099
36100
36102
36103
36105
36106
36108
36109
36111
36112
36114
36115
36117
36118
36120
36121
36123
36124
36126
36127
36129
36130
36132
36133
36134
36135
36136
36137
36139
36140
36141
36142
36144
36145
36146
36147
36149
36150
36152
36153
36154
36155
36156
36157
36159
36160
36161
36162
36164
36165
36166
36167
36169
36170
36172
36173
36174
36175
36177
36178
36179
36180
36182
36183
36186
36187
36189
36190
36192
36193
36195
36196
36198
36199
36201
36202
36204
36205
36207
36208
36211
36212
36214
36215
36217
36218
36220
36221
36224
36225
36227
36228
36230
36231
36233
36234
36236
36237
36239
36240
36242
36243
36245
36246
36248
36249
36251
36252
36254
36255
36257
36258
36260
36261
36263
36264
36266
36267
36269
36270
36272
36273
36275
36276
36278
36279
36281
36282
36284
36285
36287
36288
36290
36291
36292
36293
36297
36298
36300
36301
36302
36303
36305
36306
36308
36309
36311
36312
36315
36316
36318
36319
36320
36321
36323
36324
36326
36327
36329
36330
36332
36333
36334
36335
36337
36338
36340
36341
36343
36344
36347
36348
36350
36351
36352
36353
36355
36356
36358
36359
36361
36362
36364
36365
36366
36367
36369
36370
36373
36374
36376
36377
36378
36379
36381
36382
36384
36385
36387
36388
36391
36392
36394
36395
36397
36398
36401
36402
36403
36404
36405
36406
36407
36408
36409
36410
36411
36412
36413
36414
36415
36416
36417
36418
36419
36420
36422
36423
36425
36426
36429
36430
36514
36515
36517
36518
36521
36522
36526
36527
36529
36530
37335
37336
37338
37339
37342
37343
37346
37347
37349
37350
37351
37352
37353
37354
37356
37357
37359
37360
37362
37363
37367
37368
37370
37371
37373
37374
37376
37377
37380
37381
37383
37384
37385
37386
37387
37388
37390
37391
37393
37394
37396
37397
37401
37402
37404
37405
37407
37408
37410
37411
37414
37415
37418
37419
37421
37422
37423
37424
37426
37427
37429
37430
37431
37432
37434
37435
37436
37437
37438
37439
37440
37441
37443
37444
37446
37447
37448
37449
37451
37452
37453
37454
37455
37456
37457
37458
37460
37461
37463
37464
37465
37466
37467
37468
37470
37471
37473
37474
37478
37479
37481
37482
37484
37485
37488
37489
37491
37492
37494
37495
37497
37498
37500
37501
37504
37505
37508
37509
37512
37513
37516
37517
37520
37521
37524
37525
37528
37529
37532
37533
37536
37537
37540
37541
37544
37545
37547
37548
37550
37551
37553
37554
37556
37557
37559
37560
37562
37563
37565
37566
37568
37569
37570
37571
37573
37574
37576
37577
37578
37579
37581
37582
37584
37585
37586
37587
37589
37590
37592
37593
37594
37595
37597
37598
37600
37601
37602
37603
37605
37606
37608
37609
37610
37611
37613
37614
37616
37617
37618
37619
37621
37622
37624
37625
37626
37627
37629
37630
37632
37633
37634
37635
37637
37638
37640
37641
37642
37643
37645
37646
37648
37649
37650
37651
37653
37654
37656
37657
37658
37659
37661
37662
37664
37665
37666
37667
37669
37670
37672
37673
37674
37675
37677
37678
37680
37681
37682
37683
37685
37686
37688
37689
37690
37691
37693
37694
37696
37697
37700
37701
37702
37703
37704
37705
37706
37707
37708
37709
37710
37711
37712
37713
37714
37715
37716
37717
37719
37720
37722
37723
37726
37727
38441
38442
38444
38445
38448
38449
38451
38452
38453
38454
38456
38457
38459
38460
38461
38462
38464
38465
38467
38468
38469
38470
38472
38473
38475
38476
38477
38478
38480
38481
38483
38484
38485
38486
38488
38489
38491
38492
38493
38494
38496
38497
38499
38500
38501
38502
38504
38505
38506
38507
38508
38509
38511
38512
38514
38515
38518
38519
39828
39829
39831
39832
39834
39835
39837
39838
39839
39840
39842
39843
39846
39847
39848
39849
39850
39851
39853
39854
39857
39858
39860
39861
39863
39864
39865
39866
39868
39869
39871
39872
39874
39875
39876
39877
39879
39880
39882
39883
39885
39886
39887
39888
39890
39891
39893
39894
39896
39897
39898
39899
39901
39902
39904
39905
39907
39908
39910
39911
39912
39913
39915
39916
39918
39919
39921
39922
39924
39925
39926
39927
39929
39930
39931
39932
39934
39935
39936
39937
39939
39940
39942
39943
39945
39946
39947
39948
39949
39950
39953
39954
39955
39956
39959
39960
39962
39963
39965
39966
39967
39968
39969
39970
39973
39974
39975
39976
39977
39978
39979
39980
39981
39982
39984
39985
39986
39987
39988
39989
39990
39991
39994
39995
39996
39997
39998
39999
40001
40002
40003
40004
40005
40006
40007
40008
40009
40010
40012
40013
40017
40018
40020
40021
40024
40025
40027
40028
40030
40031
40032
40033
40035
40036
40037
40038
40039
40040
40041
40042
40043
40044
40046
40047
40048
40049
40050
40051
40052
40053
40056
40057
40058
40059
40060
40061
40063
40064
40065
40066
40067
40068
40069
40070
40071
40072
40074
40075
40079
40080
40082
40083
40085
40086
40087
40088
40090
40091
40093
40094
40096
40097
40098
40099
40100
40101
40103
40104
40106
40107
40108
40109
40110
40111
40113
40114
40116
40117
40119
40120
40121
40122
40124
40125
40126
40127
40128
40129
40130
40131
40133
40134
40135
40136
40137
40138
40141
40142
40143
40144
40146
40147
40148
40149
40150
40151
40152
40153
40155
40156
40160
40161
40163
40164
40166
40167
40168
40169
40171
40172
40174
40175
40176
40177
40179
40180
40181
40182
40183
40184
40186
40187
40188
40189
40190
40191
40193
40194
40195
40196
40198
40199
40200
40201
40202
40203
40205
40206
40207
40208
40209
40210
40212
40213
40215
40216
40218
40219
40220
40221
40222
40223
40226
40227
40228
40229
40230
40231
40233
40234
40235
40236
40237
40238
40240
40241
40243
40244
40247
40248
40250
40251
40253
40254
40255
40256
40258
40259
40261
40262
40264
40265
40266
40267
40269
40270
40272
40273
40275
40276
40277
40278
40280
40281
40283
40284
40286
40287
40288
40289
40290
40291
40292
40293
40295
40296
40298
40299
40300
40301
40303
40304
40305
40306
40308
40309
40312
40313
40316
40317
40319
40320
40321
40322
40324
40325
40327
40328
40329
40330
40332
40333
40335
40336
40338
40339
40340
40341
40342
40343
40344
40345
40348
40349
40351
40352
40354
40355
40356
40357
40359
40360
40363
40364
40366
40367
40368
40369
40371
40372
40374
40375
40377
40378
40379
40380
40381
40382
40384
40385
40387
40388
40390
40391
40392
40393
40394
40395
40397
40398
40400
40401
40402
40403
40404
40405
40407
40408
40410
40411
40412
40413
40414
40415
40417
40418
40420
40421
40422
40423
40424
40425
40427
40428
40430
40431
40432
40433
40434
40435
40437
40438
40440
40441
40443
40444
40445
40446
40447
40448
40450
40451
40453
40454
40456
40457
40458
40459
40460
40461
40463
40464
40466
40467
40469
40470
40471
40472
40473
40474
40476
40477
40480
40481
40483
40484
40486
40487
40488
40489
40491
40492
40494
40495
40497
40498
40499
40500
40502
40503
40505
40506
40507
40508
40510
40511
40513
40514
40515
40516
40518
40519
40521
40522
40523
40524
40526
40527
40530
40531
40533
40534
40536
40537
40538
40539
40541
40542
40544
40545
40547
40548
40549
40550
40552
40553
40555
40556
40557
40558
40560
40561
40563
40564
40565
40566
40568
40569
40571
40572
40573
40574
40576
40577
40580
40581
40583
40584
40586
40587
40588
40589
40591
40592
40594
40595
40597
40598
40599
40600
40602
40603
40605
40606
40607
40608
40610
40611
40613
40614
40615
40616
40618
40619
40621
40622
40623
40624
40626
40627
40630
40631
40633
40634
40636
40637
40638
40639
40641
40642
40644
40645
40647
40648
40649
40650
40652
40653
40655
40656
40657
40658
40660
40661
40663
40664
40665
40666
40668
40669
40671
40672
40673
40674
40676
40677
40680
40681
40683
40684
40686
40687
40688
40689
40691
40692
40694
40695
40697
40698
40699
40700
40702
40703
40705
40706
40707
40708
40710
40711
40713
40714
40715
40716
40718
40719
40721
40722
40723
40724
40726
40727
40730
40731
40733
40734
40736
40737
40738
40739
40741
40742
40744
40745
40747
40748
40749
40750
40752
40753
40755
40756
40757
40758
40760
40761
40763
40764
40765
40766
40768
40769
40771
40772
40773
40774
40776
40777
40780
40781
40783
40784
40786
40787
40788
40789
40791
40792
40794
40795
40797
40798
40799
40800
40802
40803
40805
40806
40807
40808
40810
40811
40813
40814
40815
40816
40818
40819
40821
40822
40823
40824
40826
40827
40830
40831
40833
40834
40836
40837
40838
40839
40841
40842
40844
40845
40847
40848
40849
40850
40852
40853
40855
40856
40857
40858
40860
40861
40863
40864
40865
40866
40868
40869
40871
40872
40873
40874
40876
40877
40880
40881
40883
40884
40885
40886
40888
40889
40891
40892
40894
40895
40896
40897
40899
40900
40902
40903
40904
40905
40907
40908
40910
40911
40912
40913
40915
40916
40918
40919
40922
40923
40925
40926
40928
40929
40930
40931
40933
40934
40935
40936
40937
40938
40939
40940
40942
40943
40946
40947
40948
40949
40950
40951
40952
40953
40955
40956
40959
40960
40962
40963
40964
40965
40967
40968
40969
40970
40971
40972
40974
40975
40976
40977
40978
40979
40981
40982
40984
40985
40986
40987
40989
40990
40992
40993
40996
40997
41000
41001
41004
41005
41008
41009
41011
41012
41013
41014
41016
41017
41018
41019
41020
41021
41022
41023
41025
41026
41029
41030
41031
41032
41033
41034
41035
41036
41038
41039
41042
41043
41045
41046
41047
41048
41050
41051
41052
41053
41054
41055
41057
41058
41059
41060
41061
41062
41064
41065
41067
41068
41069
41070
41072
41073
41076
41077
41079
41080
41081
41082
41083
41084
41086
41087
41089
41090
41091
41092
41093
41094
41096
41097
41100
41101
41104
41105
41107
41108
41111
41112
41114
41115
41118
41119
41121
41122
41124
41125
41126
41127
41129
41130
41132
41133
41135
41136
41138
41139
41142
41143
41145
41146
41148
41149
41150
41151
41153
41154
41156
41157
41159
41160
41162
41163
41165
41166
41167
41168
41169
41170
41172
41173
41175
41176
41178
41179
41180
41181
41183
41184
41186
41187
41190
41191
41193
41194
41197
41198
41199
41200
41201
41202
41203
41204
41205
41206
41207
41208
41210
41211
41213
41214
41217
41218
41220
41221
41223
41224
41227
41228
42288
42289
42291
42292
42294
42295
42296
42297
42299
42300
42303
42304
42306
42307
42308
42309
42310
42311
42314
42315
42316
42317
42319
42320
42322
42323
42325
42326
42328
42329
42331
42332
42333
42334
42336
42337
42339
42340
42342
42343
42345
42346
42348
42349
42351
42352
42354
42355
42357
42358
42360
42361
42363
42364
42366
42367
42368
42369
42372
42373
42375
42376
42378
42379
42380
42381
42384
42385
42386
42387
42389
42390
42392
42393
42395
42396
42398
42399
42401
42402
42403
42404
42406
42407
42408
42409
42411
42412
42414
42415
42417
42418
42419
42420
42422
42423
42425
42426
42428
42429
42431
42432
42434
42435
42436
42437
42439
42440
42442
42443
42445
42446
42448
42449
42451
42452
42454
42455
42456
42457
42460
42461
42463
42464
42491
42492
42493
42494
42495
42496
42497
42498
44085
44086
44088
44089
44091
44092
44094
44095
44097
44098
44101
44102
44104
44105
44107
44108
44110
44111
44113
44114
44116
44117
44119
44120
44122
44123
44125
44126
44128
44129
44131
44132
44134
44135
44136
44137
44138
44139
44141
44142
44146
44147
44149
44150
44151
44152
44153
44154
44156
44157
44161
44162
44164
44165
44167
44168
44170
44171
44173
44174
44176
44177
44178
44179
44182
44183
44185
44186
44188
44189
44191
44192
44194
44195
44197
44198
44200
44201
44203
44204
44206
44207
44209
44210
44212
44213
44215
44216
44217
44218
44221
44222
44224
44225
44227
44228
44230
44231
44232
44233
44235
44236
44238
44239
44240
44241
44243
44244
44246
44247
44248
44249
44251
44252
44254
44255
44256
44257
44259
44260
44262
44263
44264
44265
44267
44268
44270
44271
44272
44273
44275
44276
44278
44279
44280
44281
44283
44284
44286
44287
44288
44289
44291
44292
44294
44295
44296
44297
44299
44300
44302
44303
44304
44305
44307
44308
44310
44311
44313
44314
44316
44317
44319
44320
44322
44323
44325
44326
44328
44329
44331
44332
44334
44335
44337
44338
44340
44341
44343
44344
44347
44348
44351
44352
44354
44355
44356
44357
44360
44361
44363
44364
44366
44367
44369
44370
44372
44373
44376
44377
44379
44380
44382
44383
44385
44386
44388
44389
44391
44392
44393
44394
44397
44398
44401
44402
44404
44405
44407
44408
44410
44411
44412
44413
44416
44417
44419
44420
44422
44423
44425
44426
44428
44429
44432
44433
44436
44437
44439
44440
44441
44442
44444
44445
44447
44448
44449
44450
44452
44453
44455
44456
44457
44458
44460
44461
44464
44465
44468
44469
44471
44472
44473
44474
44476
44477
44479
44480
44481
44482
44484
44485
44487
44488
44489
44490
44492
44493
44495
44496
44497
44498
44500
44501
44503
44504
44505
44506
44508
44509
44511
44512
44514
44515
44517
44518
44520
44521
44522
44523
44525
44526
44528
44529
44530
44531
44533
44534
44536
44537
44538
44539
44541
44542
44544
44545
44546
44547
44549
44550
44552
44553
44554
44555
44557
44558
44560
44561
44562
44563
44564
44565
44566
44567
44569
44570
44572
44573
44575
44576
44577
44578
44580
44581
44583
44584
44588
44589
44591
44592
44593
44594
44596
44597
44600
44601
44604
44605
44608
44609
44612
44613
44615
44616
44617
44618
44621
44622
44624
44625
44627
44628
44630
44631
44633
44634
44636
44637
44639
44640
44642
44643
44645
44646
44648
44649
44651
44652
44654
44655
44656
44657
44660
44661
44663
44664
44666
44667
44669
44670
44672
44673
44675
44676
44677
44678
44681
44682
44684
44685
44687
44688
44690
44691
44692
44693
44695
44696
44698
44699
44701
44702
44704
44705
44708
44709
44711
44712
44713
44714
44716
44717
44719
44720
44722
44723
44726
44727
44729
44730
44731
44732
44734
44735
44737
44738
44740
44741
44742
44743
44745
44746
44748
44749
44751
44752
44754
44755
44757
44758
44760
44761
44763
44764
44766
44767
44769
44770
44772
44773
44776
44777
44780
44781
44782
44783
44784
44785
44786
44787
44788
44789
44790
44791
44792
44793
44794
44795
44796
44797
44798
44799
44801
44802
44804
44805
44808
44809
45502
45503
45505
45506
45509
45510
